1	4356
2	2837
3	2570
4	2088
5	1386
6	1104
7	1003
8	783
9	650
10	607
11	564
12	559
13	527
14	467
15	452
16	438
17	419
18	416
19	402
20	380
21	352
22	321
23	315
24	294
25	282
26	262
27	260
28	252
29	237
30	224
31	224
32	219
33	214
34	213
35	186
36	184
37	178
38	172
39	172
40	170
41	167
42	155
43	153
44	151
45	147
46	144
47	142
48	141
49	140
50	133
51	133
52	131
53	125
54	125
55	123
56	120
57	118
58	118
59	118
60	109
61	103
62	99
63	97
64	95
65	94
66	94
67	93
68	93
69	92
70	86
71	84
72	83
73	83
74	83
75	83
76	81
77	80
78	79
79	79
80	77
81	77
82	77
83	76
84	74
85	72
86	72
87	71
88	71
89	70
90	67
91	66
92	65
93	62
94	62
95	62
96	61
97	61
98	61
99	61
100	61
101	59
102	57
103	57
104	57
105	56
106	56
107	56
108	55
109	55
110	54
111	54
112	53
113	52
114	52
115	52
116	51
117	51
118	51
119	51
120	50
121	50
122	50
123	50
124	49
125	49
126	49
127	49
128	48
129	48
130	48
131	47
132	47
133	47
134	47
135	46
136	46
137	46
138	46
139	45
140	45
141	45
142	45
143	45
144	45
145	44
146	43
147	43
148	43
149	43
150	42
151	42
152	42
153	41
154	41
155	41
156	40
157	39
158	39
159	39
160	38
161	38
162	38
163	38
164	38
165	37
166	37
167	37
168	37
169	37
170	37
171	36
172	36
173	36
174	36
175	36
176	36
177	35
178	35
179	35
180	35
181	35
182	35
183	34
184	34
185	34
186	34
187	34
188	33
189	33
190	33
191	33
192	33
193	32
194	32
195	32
196	31
197	31
198	31
199	31
200	31
201	31
202	30
203	30
204	30
205	30
206	30
207	30
208	30
209	30
210	29
211	29
212	29
213	29
214	29
215	29
216	29
217	29
218	29
219	29
220	29
221	29
222	29
223	28
224	28
225	28
226	28
227	28
228	28
229	28
230	28
231	28
232	28
233	28
234	28
235	27
236	27
237	27
238	27
239	27
240	27
241	27
242	27
243	27
244	26
245	26
246	26
247	26
248	26
249	26
250	26
251	26
252	26
253	26
254	26
255	25
256	25
257	25
258	25
259	25
260	25
261	25
262	25
263	25
264	25
265	25
266	24
267	24
268	24
269	24
270	24
271	24
272	24
273	24
274	24
275	24
276	24
277	24
278	23
279	23
280	23
281	23
282	23
283	22
284	22
285	22
286	22
287	22
288	22
289	22
290	22
291	22
292	22
293	22
294	22
295	21
296	21
297	21
298	21
299	21
300	21
301	21
302	21
303	21
304	21
305	21
306	21
307	21
308	21
309	21
310	21
311	21
312	20
313	20
314	20
315	20
316	20
317	20
318	20
319	20
320	19
321	19
322	19
323	19
324	19
325	19
326	19
327	19
328	19
329	19
330	19
331	19
332	19
333	19
334	19
335	19
336	19
337	18
338	18
339	18
340	18
341	18
342	18
343	18
344	18
345	18
346	18
347	18
348	18
349	18
350	18
351	18
352	18
353	18
354	18
355	18
356	18
357	17
358	17
359	17
360	17
361	17
362	17
363	17
364	17
365	17
366	17
367	17
368	17
369	17
370	17
371	17
372	17
373	17
374	17
375	17
376	16
377	16
378	16
379	16
380	16
381	16
382	16
383	16
384	16
385	16
386	16
387	16
388	16
389	16
390	16
391	16
392	16
393	16
394	16
395	16
396	16
397	16
398	16
399	15
400	15
401	15
402	15
403	15
404	15
405	15
406	15
407	15
408	15
409	15
410	15
411	15
412	15
413	15
414	15
415	15
416	15
417	15
418	15
419	15
420	15
421	15
422	15
423	15
424	15
425	15
426	15
427	15
428	15
429	15
430	15
431	14
432	14
433	14
434	14
435	14
436	14
437	14
438	14
439	14
440	14
441	14
442	14
443	14
444	14
445	14
446	14
447	14
448	14
449	14
450	14
451	14
452	14
453	14
454	14
455	14
456	14
457	14
458	14
459	14
460	14
461	13
462	13
463	13
464	13
465	13
466	13
467	13
468	13
469	13
470	13
471	13
472	13
473	13
474	13
475	13
476	13
477	13
478	13
479	13
480	13
481	13
482	13
483	13
484	13
485	13
486	13
487	13
488	13
489	13
490	13
491	13
492	13
493	13
494	13
495	13
496	13
497	13
498	13
499	13
500	13
501	13
502	13
503	13
504	13
505	13
506	13
507	13
508	13
509	13
510	13
511	13
512	13
513	13
514	13
515	13
516	13
517	12
518	12
519	12
520	12
521	12
522	12
523	12
524	12
525	12
526	12
527	12
528	12
529	12
530	12
531	12
532	12
533	12
534	12
535	12
536	12
537	12
538	12
539	12
540	12
541	12
542	12
543	12
544	12
545	12
546	12
547	12
548	12
549	12
550	12
551	12
552	12
553	12
554	12
555	12
556	12
557	12
558	12
559	12
560	12
561	12
562	12
563	12
564	12
565	12
566	12
567	12
568	11
569	11
570	11
571	11
572	11
573	11
574	11
575	11
576	11
577	11
578	11
579	11
580	11
581	11
582	11
583	11
584	11
585	11
586	11
587	11
588	11
589	11
590	11
591	11
592	11
593	11
594	11
595	11
596	11
597	11
598	11
599	11
600	11
601	11
602	11
603	11
604	11
605	11
606	11
607	11
608	11
609	11
610	11
611	11
612	11
613	11
614	11
615	11
616	11
617	11
618	11
619	11
620	11
621	11
622	11
623	11
624	11
625	11
626	10
627	10
628	10
629	10
630	10
631	10
632	10
633	10
634	10
635	10
636	10
637	10
638	10
639	10
640	10
641	10
642	10
643	10
644	10
645	10
646	10
647	10
648	10
649	10
650	10
651	10
652	10
653	10
654	10
655	10
656	10
657	10
658	10
659	10
660	10
661	10
662	10
663	10
664	10
665	10
666	10
667	10
668	10
669	10
670	10
671	10
672	10
673	10
674	10
675	10
676	10
677	10
678	10
679	10
680	10
681	10
682	10
683	10
684	10
685	10
686	10
687	10
688	10
689	10
690	10
691	10
692	10
693	10
694	10
695	10
696	10
697	10
698	10
699	10
700	10
701	10
702	10
703	10
704	10
705	10
706	10
707	10
708	10
709	10
710	10
711	9
712	9
713	9
714	9
715	9
716	9
717	9
718	9
719	9
720	9
721	9
722	9
723	9
724	9
725	9
726	9
727	9
728	9
729	9
730	9
731	9
732	9
733	9
734	9
735	9
736	9
737	9
738	9
739	9
740	9
741	9
742	9
743	9
744	9
745	9
746	9
747	9
748	9
749	9
750	9
751	9
752	9
753	9
754	9
755	9
756	9
757	9
758	9
759	9
760	9
761	9
762	9
763	9
764	9
765	9
766	9
767	9
768	9
769	9
770	9
771	9
772	9
773	9
774	9
775	9
776	9
777	9
778	9
779	9
780	9
781	9
782	9
783	9
784	9
785	9
786	9
787	9
788	9
789	9
790	9
791	9
792	9
793	9
794	9
795	9
796	9
797	9
798	9
799	9
800	9
801	9
802	9
803	9
804	9
805	9
806	9
807	9
808	9
809	8
810	8
811	8
812	8
813	8
814	8
815	8
816	8
817	8
818	8
819	8
820	8
821	8
822	8
823	8
824	8
825	8
826	8
827	8
828	8
829	8
830	8
831	8
832	8
833	8
834	8
835	8
836	8
837	8
838	8
839	8
840	8
841	8
842	8
843	8
844	8
845	8
846	8
847	8
848	8
849	8
850	8
851	8
852	8
853	8
854	8
855	8
856	8
857	8
858	8
859	8
860	8
861	8
862	8
863	8
864	8
865	8
866	8
867	8
868	8
869	8
870	8
871	8
872	8
873	8
874	8
875	8
876	8
877	8
878	8
879	8
880	8
881	8
882	8
883	8
884	8
885	8
886	8
887	8
888	8
889	8
890	8
891	8
892	8
893	8
894	8
895	8
896	8
897	8
898	8
899	8
900	8
901	8
902	8
903	8
904	8
905	8
906	8
907	8
908	8
909	8
910	8
911	8
912	8
913	8
914	8
915	8
916	8
917	8
918	8
919	8
920	8
921	8
922	8
923	8
924	8
925	8
926	8
927	8
928	8
929	8
930	8
931	8
932	8
933	8
934	8
935	8
936	8
937	8
938	8
939	8
940	8
941	8
942	8
943	8
944	8
945	8
946	8
947	7
948	7
949	7
950	7
951	7
952	7
953	7
954	7
955	7
956	7
957	7
958	7
959	7
960	7
961	7
962	7
963	7
964	7
965	7
966	7
967	7
968	7
969	7
970	7
971	7
972	7
973	7
974	7
975	7
976	7
977	7
978	7
979	7
980	7
981	7
982	7
983	7
984	7
985	7
986	7
987	7
988	7
989	7
990	7
991	7
992	7
993	7
994	7
995	7
996	7
997	7
998	7
999	7
1000	7
1001	7
1002	7
1003	7
1004	7
1005	7
1006	7
1007	7
1008	7
1009	7
1010	7
1011	7
1012	7
1013	7
1014	7
1015	7
1016	7
1017	7
1018	7
1019	7
1020	7
1021	7
1022	7
1023	7
1024	7
1025	7
1026	7
1027	7
1028	7
1029	7
1030	7
1031	7
1032	7
1033	7
1034	7
1035	7
1036	7
1037	7
1038	7
1039	7
1040	7
1041	7
1042	7
1043	7
1044	7
1045	7
1046	7
1047	7
1048	7
1049	7
1050	7
1051	7
1052	7
1053	7
1054	7
1055	7
1056	7
1057	7
1058	7
1059	7
1060	7
1061	7
1062	7
1063	7
1064	7
1065	7
1066	7
1067	7
1068	7
1069	7
1070	7
1071	7
1072	7
1073	7
1074	7
1075	7
1076	7
1077	7
1078	7
1079	7
1080	7
1081	7
1082	7
1083	7
1084	7
1085	7
1086	7
1087	7
1088	7
1089	7
1090	7
1091	7
1092	7
1093	7
1094	7
1095	7
1096	7
1097	7
1098	7
1099	7
1100	7
1101	7
1102	7
1103	6
1104	6
1105	6
1106	6
1107	6
1108	6
1109	6
1110	6
1111	6
1112	6
1113	6
1114	6
1115	6
1116	6
1117	6
1118	6
1119	6
1120	6
1121	6
1122	6
1123	6
1124	6
1125	6
1126	6
1127	6
1128	6
1129	6
1130	6
1131	6
1132	6
1133	6
1134	6
1135	6
1136	6
1137	6
1138	6
1139	6
1140	6
1141	6
1142	6
1143	6
1144	6
1145	6
1146	6
1147	6
1148	6
1149	6
1150	6
1151	6
1152	6
1153	6
1154	6
1155	6
1156	6
1157	6
1158	6
1159	6
1160	6
1161	6
1162	6
1163	6
1164	6
1165	6
1166	6
1167	6
1168	6
1169	6
1170	6
1171	6
1172	6
1173	6
1174	6
1175	6
1176	6
1177	6
1178	6
1179	6
1180	6
1181	6
1182	6
1183	6
1184	6
1185	6
1186	6
1187	6
1188	6
1189	6
1190	6
1191	6
1192	6
1193	6
1194	6
1195	6
1196	6
1197	6
1198	6
1199	6
1200	6
1201	6
1202	6
1203	6
1204	6
1205	6
1206	6
1207	6
1208	6
1209	6
1210	6
1211	6
1212	6
1213	6
1214	6
1215	6
1216	6
1217	6
1218	6
1219	6
1220	6
1221	6
1222	6
1223	6
1224	6
1225	6
1226	6
1227	6
1228	6
1229	6
1230	6
1231	6
1232	6
1233	6
1234	6
1235	6
1236	6
1237	6
1238	6
1239	6
1240	6
1241	6
1242	6
1243	6
1244	6
1245	6
1246	6
1247	6
1248	6
1249	6
1250	6
1251	6
1252	6
1253	6
1254	6
1255	6
1256	6
1257	6
1258	6
1259	6
1260	6
1261	6
1262	6
1263	6
1264	6
1265	6
1266	6
1267	6
1268	6
1269	6
1270	6
1271	6
1272	6
1273	6
1274	6
1275	6
1276	6
1277	6
1278	6
1279	6
1280	6
1281	6
1282	6
1283	6
1284	6
1285	6
1286	6
1287	6
1288	6
1289	6
1290	6
1291	6
1292	6
1293	6
1294	6
1295	6
1296	6
1297	6
1298	6
1299	6
1300	6
1301	6
1302	6
1303	6
1304	6
1305	5
1306	5
1307	5
1308	5
1309	5
1310	5
1311	5
1312	5
1313	5
1314	5
1315	5
1316	5
1317	5
1318	5
1319	5
1320	5
1321	5
1322	5
1323	5
1324	5
1325	5
1326	5
1327	5
1328	5
1329	5
1330	5
1331	5
1332	5
1333	5
1334	5
1335	5
1336	5
1337	5
1338	5
1339	5
1340	5
1341	5
1342	5
1343	5
1344	5
1345	5
1346	5
1347	5
1348	5
1349	5
1350	5
1351	5
1352	5
1353	5
1354	5
1355	5
1356	5
1357	5
1358	5
1359	5
1360	5
1361	5
1362	5
1363	5
1364	5
1365	5
1366	5
1367	5
1368	5
1369	5
1370	5
1371	5
1372	5
1373	5
1374	5
1375	5
1376	5
1377	5
1378	5
1379	5
1380	5
1381	5
1382	5
1383	5
1384	5
1385	5
1386	5
1387	5
1388	5
1389	5
1390	5
1391	5
1392	5
1393	5
1394	5
1395	5
1396	5
1397	5
1398	5
1399	5
1400	5
1401	5
1402	5
1403	5
1404	5
1405	5
1406	5
1407	5
1408	5
1409	5
1410	5
1411	5
1412	5
1413	5
1414	5
1415	5
1416	5
1417	5
1418	5
1419	5
1420	5
1421	5
1422	5
1423	5
1424	5
1425	5
1426	5
1427	5
1428	5
1429	5
1430	5
1431	5
1432	5
1433	5
1434	5
1435	5
1436	5
1437	5
1438	5
1439	5
1440	5
1441	5
1442	5
1443	5
1444	5
1445	5
1446	5
1447	5
1448	5
1449	5
1450	5
1451	5
1452	5
1453	5
1454	5
1455	5
1456	5
1457	5
1458	5
1459	5
1460	5
1461	5
1462	5
1463	5
1464	5
1465	5
1466	5
1467	5
1468	5
1469	5
1470	5
1471	5
1472	5
1473	5
1474	5
1475	5
1476	5
1477	5
1478	5
1479	5
1480	5
1481	5
1482	5
1483	5
1484	5
1485	5
1486	5
1487	5
1488	5
1489	5
1490	5
1491	5
1492	5
1493	5
1494	5
1495	5
1496	5
1497	5
1498	5
1499	5
1500	5
1501	5
1502	5
1503	5
1504	5
1505	5
1506	5
1507	5
1508	5
1509	5
1510	5
1511	5
1512	5
1513	5
1514	5
1515	5
1516	5
1517	5
1518	5
1519	5
1520	5
1521	5
1522	5
1523	5
1524	5
1525	5
1526	5
1527	5
1528	5
1529	5
1530	5
1531	5
1532	5
1533	5
1534	5
1535	5
1536	5
1537	5
1538	5
1539	5
1540	5
1541	5
1542	5
1543	5
1544	5
1545	4
1546	4
1547	4
1548	4
1549	4
1550	4
1551	4
1552	4
1553	4
1554	4
1555	4
1556	4
1557	4
1558	4
1559	4
1560	4
1561	4
1562	4
1563	4
1564	4
1565	4
1566	4
1567	4
1568	4
1569	4
1570	4
1571	4
1572	4
1573	4
1574	4
1575	4
1576	4
1577	4
1578	4
1579	4
1580	4
1581	4
1582	4
1583	4
1584	4
1585	4
1586	4
1587	4
1588	4
1589	4
1590	4
1591	4
1592	4
1593	4
1594	4
1595	4
1596	4
1597	4
1598	4
1599	4
1600	4
1601	4
1602	4
1603	4
1604	4
1605	4
1606	4
1607	4
1608	4
1609	4
1610	4
1611	4
1612	4
1613	4
1614	4
1615	4
1616	4
1617	4
1618	4
1619	4
1620	4
1621	4
1622	4
1623	4
1624	4
1625	4
1626	4
1627	4
1628	4
1629	4
1630	4
1631	4
1632	4
1633	4
1634	4
1635	4
1636	4
1637	4
1638	4
1639	4
1640	4
1641	4
1642	4
1643	4
1644	4
1645	4
1646	4
1647	4
1648	4
1649	4
1650	4
1651	4
1652	4
1653	4
1654	4
1655	4
1656	4
1657	4
1658	4
1659	4
1660	4
1661	4
1662	4
1663	4
1664	4
1665	4
1666	4
1667	4
1668	4
1669	4
1670	4
1671	4
1672	4
1673	4
1674	4
1675	4
1676	4
1677	4
1678	4
1679	4
1680	4
1681	4
1682	4
1683	4
1684	4
1685	4
1686	4
1687	4
1688	4
1689	4
1690	4
1691	4
1692	4
1693	4
1694	4
1695	4
1696	4
1697	4
1698	4
1699	4
1700	4
1701	4
1702	4
1703	4
1704	4
1705	4
1706	4
1707	4
1708	4
1709	4
1710	4
1711	4
1712	4
1713	4
1714	4
1715	4
1716	4
1717	4
1718	4
1719	4
1720	4
1721	4
1722	4
1723	4
1724	4
1725	4
1726	4
1727	4
1728	4
1729	4
1730	4
1731	4
1732	4
1733	4
1734	4
1735	4
1736	4
1737	4
1738	4
1739	4
1740	4
1741	4
1742	4
1743	4
1744	4
1745	4
1746	4
1747	4
1748	4
1749	4
1750	4
1751	4
1752	4
1753	4
1754	4
1755	4
1756	4
1757	4
1758	4
1759	4
1760	4
1761	4
1762	4
1763	4
1764	4
1765	4
1766	4
1767	4
1768	4
1769	4
1770	4
1771	4
1772	4
1773	4
1774	4
1775	4
1776	4
1777	4
1778	4
1779	4
1780	4
1781	4
1782	4
1783	4
1784	4
1785	4
1786	4
1787	4
1788	4
1789	4
1790	4
1791	4
1792	4
1793	4
1794	4
1795	4
1796	4
1797	4
1798	4
1799	4
1800	4
1801	4
1802	4
1803	4
1804	4
1805	4
1806	4
1807	4
1808	4
1809	4
1810	4
1811	4
1812	4
1813	4
1814	4
1815	4
1816	4
1817	4
1818	4
1819	4
1820	4
1821	4
1822	4
1823	4
1824	4
1825	4
1826	4
1827	4
1828	4
1829	4
1830	4
1831	4
1832	4
1833	4
1834	4
1835	4
1836	4
1837	4
1838	4
1839	4
1840	4
1841	4
1842	4
1843	4
1844	4
1845	4
1846	4
1847	4
1848	4
1849	4
1850	4
1851	4
1852	4
1853	4
1854	4
1855	4
1856	4
1857	4
1858	4
1859	4
1860	4
1861	4
1862	4
1863	4
1864	4
1865	4
1866	4
1867	4
1868	4
1869	4
1870	4
1871	4
1872	4
1873	4
1874	4
1875	4
1876	4
1877	4
1878	4
1879	4
1880	4
1881	4
1882	4
1883	4
1884	4
1885	4
1886	4
1887	4
1888	4
1889	4
1890	4
1891	4
1892	4
1893	4
1894	4
1895	4
1896	4
1897	4
1898	4
1899	4
1900	4
1901	4
1902	4
1903	4
1904	4
1905	4
1906	4
1907	4
1908	4
1909	4
1910	4
1911	4
1912	4
1913	4
1914	4
1915	4
1916	4
1917	4
1918	4
1919	4
1920	4
1921	4
1922	4
1923	4
1924	4
1925	4
1926	4
1927	4
1928	4
1929	4
1930	4
1931	4
1932	4
1933	4
1934	4
1935	4
1936	4
1937	4
1938	4
1939	4
1940	4
1941	4
1942	4
1943	4
1944	4
1945	4
1946	4
1947	4
1948	4
1949	4
1950	4
1951	4
1952	4
1953	4
1954	4
1955	4
1956	4
1957	4
1958	4
1959	4
1960	4
1961	4
1962	4
1963	4
1964	4
1965	4
1966	4
1967	4
1968	4
1969	4
1970	4
1971	4
1972	4
1973	4
1974	4
1975	4
1976	4
1977	4
1978	4
1979	4
1980	4
1981	4
1982	4
1983	4
1984	4
1985	4
1986	4
1987	4
1988	4
1989	4
1990	4
1991	4
1992	4
1993	4
1994	4
1995	4
1996	4
1997	4
1998	3
1999	3
2000	3
2001	3
2002	3
2003	3
2004	3
2005	3
2006	3
2007	3
2008	3
2009	3
2010	3
2011	3
2012	3
2013	3
2014	3
2015	3
2016	3
2017	3
2018	3
2019	3
2020	3
2021	3
2022	3
2023	3
2024	3
2025	3
2026	3
2027	3
2028	3
2029	3
2030	3
2031	3
2032	3
2033	3
2034	3
2035	3
2036	3
2037	3
2038	3
2039	3
2040	3
2041	3
2042	3
2043	3
2044	3
2045	3
2046	3
2047	3
2048	3
2049	3
2050	3
2051	3
2052	3
2053	3
2054	3
2055	3
2056	3
2057	3
2058	3
2059	3
2060	3
2061	3
2062	3
2063	3
2064	3
2065	3
2066	3
2067	3
2068	3
2069	3
2070	3
2071	3
2072	3
2073	3
2074	3
2075	3
2076	3
2077	3
2078	3
2079	3
2080	3
2081	3
2082	3
2083	3
2084	3
2085	3
2086	3
2087	3
2088	3
2089	3
2090	3
2091	3
2092	3
2093	3
2094	3
2095	3
2096	3
2097	3
2098	3
2099	3
2100	3
2101	3
2102	3
2103	3
2104	3
2105	3
2106	3
2107	3
2108	3
2109	3
2110	3
2111	3
2112	3
2113	3
2114	3
2115	3
2116	3
2117	3
2118	3
2119	3
2120	3
2121	3
2122	3
2123	3
2124	3
2125	3
2126	3
2127	3
2128	3
2129	3
2130	3
2131	3
2132	3
2133	3
2134	3
2135	3
2136	3
2137	3
2138	3
2139	3
2140	3
2141	3
2142	3
2143	3
2144	3
2145	3
2146	3
2147	3
2148	3
2149	3
2150	3
2151	3
2152	3
2153	3
2154	3
2155	3
2156	3
2157	3
2158	3
2159	3
2160	3
2161	3
2162	3
2163	3
2164	3
2165	3
2166	3
2167	3
2168	3
2169	3
2170	3
2171	3
2172	3
2173	3
2174	3
2175	3
2176	3
2177	3
2178	3
2179	3
2180	3
2181	3
2182	3
2183	3
2184	3
2185	3
2186	3
2187	3
2188	3
2189	3
2190	3
2191	3
2192	3
2193	3
2194	3
2195	3
2196	3
2197	3
2198	3
2199	3
2200	3
2201	3
2202	3
2203	3
2204	3
2205	3
2206	3
2207	3
2208	3
2209	3
2210	3
2211	3
2212	3
2213	3
2214	3
2215	3
2216	3
2217	3
2218	3
2219	3
2220	3
2221	3
2222	3
2223	3
2224	3
2225	3
2226	3
2227	3
2228	3
2229	3
2230	3
2231	3
2232	3
2233	3
2234	3
2235	3
2236	3
2237	3
2238	3
2239	3
2240	3
2241	3
2242	3
2243	3
2244	3
2245	3
2246	3
2247	3
2248	3
2249	3
2250	3
2251	3
2252	3
2253	3
2254	3
2255	3
2256	3
2257	3
2258	3
2259	3
2260	3
2261	3
2262	3
2263	3
2264	3
2265	3
2266	3
2267	3
2268	3
2269	3
2270	3
2271	3
2272	3
2273	3
2274	3
2275	3
2276	3
2277	3
2278	3
2279	3
2280	3
2281	3
2282	3
2283	3
2284	3
2285	3
2286	3
2287	3
2288	3
2289	3
2290	3
2291	3
2292	3
2293	3
2294	3
2295	3
2296	3
2297	3
2298	3
2299	3
2300	3
2301	3
2302	3
2303	3
2304	3
2305	3
2306	3
2307	3
2308	3
2309	3
2310	3
2311	3
2312	3
2313	3
2314	3
2315	3
2316	3
2317	3
2318	3
2319	3
2320	3
2321	3
2322	3
2323	3
2324	3
2325	3
2326	3
2327	3
2328	3
2329	3
2330	3
2331	3
2332	3
2333	3
2334	3
2335	3
2336	3
2337	3
2338	3
2339	3
2340	3
2341	3
2342	3
2343	3
2344	3
2345	3
2346	3
2347	3
2348	3
2349	3
2350	3
2351	3
2352	3
2353	3
2354	3
2355	3
2356	3
2357	3
2358	3
2359	3
2360	3
2361	3
2362	3
2363	3
2364	3
2365	3
2366	3
2367	3
2368	3
2369	3
2370	3
2371	3
2372	3
2373	3
2374	3
2375	3
2376	3
2377	3
2378	3
2379	3
2380	3
2381	3
2382	3
2383	3
2384	3
2385	3
2386	3
2387	3
2388	3
2389	3
2390	3
2391	3
2392	3
2393	3
2394	3
2395	3
2396	3
2397	3
2398	3
2399	3
2400	3
2401	3
2402	3
2403	3
2404	3
2405	3
2406	3
2407	3
2408	3
2409	3
2410	3
2411	3
2412	3
2413	3
2414	3
2415	3
2416	3
2417	3
2418	3
2419	3
2420	3
2421	3
2422	3
2423	3
2424	3
2425	3
2426	3
2427	3
2428	3
2429	3
2430	3
2431	3
2432	3
2433	3
2434	3
2435	3
2436	3
2437	3
2438	3
2439	3
2440	3
2441	3
2442	3
2443	3
2444	3
2445	3
2446	3
2447	3
2448	3
2449	3
2450	3
2451	3
2452	3
2453	3
2454	3
2455	3
2456	3
2457	3
2458	3
2459	3
2460	3
2461	3
2462	3
2463	3
2464	3
2465	3
2466	3
2467	3
2468	3
2469	3
2470	3
2471	3
2472	3
2473	3
2474	3
2475	3
2476	3
2477	3
2478	3
2479	3
2480	3
2481	3
2482	3
2483	3
2484	3
2485	3
2486	3
2487	3
2488	3
2489	3
2490	3
2491	3
2492	3
2493	3
2494	3
2495	3
2496	3
2497	3
2498	3
2499	3
2500	3
2501	3
2502	3
2503	3
2504	3
2505	3
2506	3
2507	3
2508	3
2509	3
2510	3
2511	3
2512	3
2513	3
2514	3
2515	3
2516	3
2517	3
2518	3
2519	3
2520	3
2521	3
2522	3
2523	3
2524	3
2525	3
2526	3
2527	3
2528	3
2529	3
2530	3
2531	3
2532	3
2533	3
2534	3
2535	3
2536	3
2537	3
2538	3
2539	3
2540	3
2541	3
2542	3
2543	3
2544	3
2545	3
2546	3
2547	3
2548	3
2549	3
2550	3
2551	3
2552	3
2553	3
2554	3
2555	3
2556	3
2557	3
2558	3
2559	3
2560	3
2561	3
2562	3
2563	3
2564	3
2565	3
2566	3
2567	3
2568	3
2569	3
2570	3
2571	3
2572	3
2573	3
2574	3
2575	3
2576	3
2577	3
2578	3
2579	3
2580	3
2581	3
2582	3
2583	3
2584	3
2585	3
2586	3
2587	3
2588	3
2589	3
2590	3
2591	3
2592	3
2593	3
2594	3
2595	3
2596	3
2597	3
2598	3
2599	3
2600	3
2601	3
2602	3
2603	3
2604	3
2605	3
2606	3
2607	3
2608	3
2609	3
2610	3
2611	3
2612	3
2613	3
2614	3
2615	3
2616	3
2617	3
2618	3
2619	3
2620	3
2621	3
2622	3
2623	3
2624	3
2625	3
2626	3
2627	3
2628	3
2629	3
2630	3
2631	3
2632	3
2633	3
2634	3
2635	3
2636	3
2637	3
2638	3
2639	3
2640	3
2641	3
2642	3
2643	3
2644	3
2645	3
2646	3
2647	3
2648	3
2649	3
2650	3
2651	3
2652	3
2653	3
2654	3
2655	3
2656	3
2657	3
2658	3
2659	3
2660	3
2661	3
2662	3
2663	3
2664	3
2665	3
2666	3
2667	3
2668	3
2669	3
2670	3
2671	3
2672	3
2673	3
2674	3
2675	3
2676	3
2677	3
2678	3
2679	3
2680	3
2681	3
2682	3
2683	3
2684	3
2685	3
2686	3
2687	3
2688	3
2689	3
2690	3
2691	3
2692	3
2693	3
2694	3
2695	3
2696	3
2697	3
2698	3
2699	3
2700	3
2701	3
2702	3
2703	3
2704	3
2705	3
2706	3
2707	3
2708	3
2709	3
2710	3
2711	3
2712	3
2713	3
2714	3
2715	3
2716	3
2717	3
2718	3
2719	3
2720	3
2721	3
2722	3
2723	3
2724	3
2725	3
2726	3
2727	3
2728	3
2729	3
2730	3
2731	3
2732	3
2733	3
2734	3
2735	3
2736	3
2737	3
2738	3
2739	3
2740	3
2741	3
2742	3
2743	3
2744	3
2745	3
2746	3
2747	3
2748	3
2749	3
2750	3
2751	3
2752	3
2753	3
2754	3
2755	3
2756	3
2757	3
2758	3
2759	3
2760	3
2761	3
2762	3
2763	3
2764	3
2765	3
2766	3
2767	3
2768	3
2769	3
2770	3
2771	3
2772	3
2773	3
2774	3
2775	3
2776	3
2777	3
2778	3
2779	3
2780	3
2781	3
2782	3
2783	3
2784	3
2785	3
2786	3
2787	3
2788	3
2789	3
2790	3
2791	3
2792	3
2793	3
2794	3
2795	3
2796	3
2797	3
2798	3
2799	3
2800	3
2801	3
2802	3
2803	3
2804	3
2805	3
2806	3
2807	3
2808	3
2809	3
2810	3
2811	3
2812	3
2813	3
2814	3
2815	3
2816	2
2817	2
2818	2
2819	2
2820	2
2821	2
2822	2
2823	2
2824	2
2825	2
2826	2
2827	2
2828	2
2829	2
2830	2
2831	2
2832	2
2833	2
2834	2
2835	2
2836	2
2837	2
2838	2
2839	2
2840	2
2841	2
2842	2
2843	2
2844	2
2845	2
2846	2
2847	2
2848	2
2849	2
2850	2
2851	2
2852	2
2853	2
2854	2
2855	2
2856	2
2857	2
2858	2
2859	2
2860	2
2861	2
2862	2
2863	2
2864	2
2865	2
2866	2
2867	2
2868	2
2869	2
2870	2
2871	2
2872	2
2873	2
2874	2
2875	2
2876	2
2877	2
2878	2
2879	2
2880	2
2881	2
2882	2
2883	2
2884	2
2885	2
2886	2
2887	2
2888	2
2889	2
2890	2
2891	2
2892	2
2893	2
2894	2
2895	2
2896	2
2897	2
2898	2
2899	2
2900	2
2901	2
2902	2
2903	2
2904	2
2905	2
2906	2
2907	2
2908	2
2909	2
2910	2
2911	2
2912	2
2913	2
2914	2
2915	2
2916	2
2917	2
2918	2
2919	2
2920	2
2921	2
2922	2
2923	2
2924	2
2925	2
2926	2
2927	2
2928	2
2929	2
2930	2
2931	2
2932	2
2933	2
2934	2
2935	2
2936	2
2937	2
2938	2
2939	2
2940	2
2941	2
2942	2
2943	2
2944	2
2945	2
2946	2
2947	2
2948	2
2949	2
2950	2
2951	2
2952	2
2953	2
2954	2
2955	2
2956	2
2957	2
2958	2
2959	2
2960	2
2961	2
2962	2
2963	2
2964	2
2965	2
2966	2
2967	2
2968	2
2969	2
2970	2
2971	2
2972	2
2973	2
2974	2
2975	2
2976	2
2977	2
2978	2
2979	2
2980	2
2981	2
2982	2
2983	2
2984	2
2985	2
2986	2
2987	2
2988	2
2989	2
2990	2
2991	2
2992	2
2993	2
2994	2
2995	2
2996	2
2997	2
2998	2
2999	2
3000	2
3001	2
3002	2
3003	2
3004	2
3005	2
3006	2
3007	2
3008	2
3009	2
3010	2
3011	2
3012	2
3013	2
3014	2
3015	2
3016	2
3017	2
3018	2
3019	2
3020	2
3021	2
3022	2
3023	2
3024	2
3025	2
3026	2
3027	2
3028	2
3029	2
3030	2
3031	2
3032	2
3033	2
3034	2
3035	2
3036	2
3037	2
3038	2
3039	2
3040	2
3041	2
3042	2
3043	2
3044	2
3045	2
3046	2
3047	2
3048	2
3049	2
3050	2
3051	2
3052	2
3053	2
3054	2
3055	2
3056	2
3057	2
3058	2
3059	2
3060	2
3061	2
3062	2
3063	2
3064	2
3065	2
3066	2
3067	2
3068	2
3069	2
3070	2
3071	2
3072	2
3073	2
3074	2
3075	2
3076	2
3077	2
3078	2
3079	2
3080	2
3081	2
3082	2
3083	2
3084	2
3085	2
3086	2
3087	2
3088	2
3089	2
3090	2
3091	2
3092	2
3093	2
3094	2
3095	2
3096	2
3097	2
3098	2
3099	2
3100	2
3101	2
3102	2
3103	2
3104	2
3105	2
3106	2
3107	2
3108	2
3109	2
3110	2
3111	2
3112	2
3113	2
3114	2
3115	2
3116	2
3117	2
3118	2
3119	2
3120	2
3121	2
3122	2
3123	2
3124	2
3125	2
3126	2
3127	2
3128	2
3129	2
3130	2
3131	2
3132	2
3133	2
3134	2
3135	2
3136	2
3137	2
3138	2
3139	2
3140	2
3141	2
3142	2
3143	2
3144	2
3145	2
3146	2
3147	2
3148	2
3149	2
3150	2
3151	2
3152	2
3153	2
3154	2
3155	2
3156	2
3157	2
3158	2
3159	2
3160	2
3161	2
3162	2
3163	2
3164	2
3165	2
3166	2
3167	2
3168	2
3169	2
3170	2
3171	2
3172	2
3173	2
3174	2
3175	2
3176	2
3177	2
3178	2
3179	2
3180	2
3181	2
3182	2
3183	2
3184	2
3185	2
3186	2
3187	2
3188	2
3189	2
3190	2
3191	2
3192	2
3193	2
3194	2
3195	2
3196	2
3197	2
3198	2
3199	2
3200	2
3201	2
3202	2
3203	2
3204	2
3205	2
3206	2
3207	2
3208	2
3209	2
3210	2
3211	2
3212	2
3213	2
3214	2
3215	2
3216	2
3217	2
3218	2
3219	2
3220	2
3221	2
3222	2
3223	2
3224	2
3225	2
3226	2
3227	2
3228	2
3229	2
3230	2
3231	2
3232	2
3233	2
3234	2
3235	2
3236	2
3237	2
3238	2
3239	2
3240	2
3241	2
3242	2
3243	2
3244	2
3245	2
3246	2
3247	2
3248	2
3249	2
3250	2
3251	2
3252	2
3253	2
3254	2
3255	2
3256	2
3257	2
3258	2
3259	2
3260	2
3261	2
3262	2
3263	2
3264	2
3265	2
3266	2
3267	2
3268	2
3269	2
3270	2
3271	2
3272	2
3273	2
3274	2
3275	2
3276	2
3277	2
3278	2
3279	2
3280	2
3281	2
3282	2
3283	2
3284	2
3285	2
3286	2
3287	2
3288	2
3289	2
3290	2
3291	2
3292	2
3293	2
3294	2
3295	2
3296	2
3297	2
3298	2
3299	2
3300	2
3301	2
3302	2
3303	2
3304	2
3305	2
3306	2
3307	2
3308	2
3309	2
3310	2
3311	2
3312	2
3313	2
3314	2
3315	2
3316	2
3317	2
3318	2
3319	2
3320	2
3321	2
3322	2
3323	2
3324	2
3325	2
3326	2
3327	2
3328	2
3329	2
3330	2
3331	2
3332	2
3333	2
3334	2
3335	2
3336	2
3337	2
3338	2
3339	2
3340	2
3341	2
3342	2
3343	2
3344	2
3345	2
3346	2
3347	2
3348	2
3349	2
3350	2
3351	2
3352	2
3353	2
3354	2
3355	2
3356	2
3357	2
3358	2
3359	2
3360	2
3361	2
3362	2
3363	2
3364	2
3365	2
3366	2
3367	2
3368	2
3369	2
3370	2
3371	2
3372	2
3373	2
3374	2
3375	2
3376	2
3377	2
3378	2
3379	2
3380	2
3381	2
3382	2
3383	2
3384	2
3385	2
3386	2
3387	2
3388	2
3389	2
3390	2
3391	2
3392	2
3393	2
3394	2
3395	2
3396	2
3397	2
3398	2
3399	2
3400	2
3401	2
3402	2
3403	2
3404	2
3405	2
3406	2
3407	2
3408	2
3409	2
3410	2
3411	2
3412	2
3413	2
3414	2
3415	2
3416	2
3417	2
3418	2
3419	2
3420	2
3421	2
3422	2
3423	2
3424	2
3425	2
3426	2
3427	2
3428	2
3429	2
3430	2
3431	2
3432	2
3433	2
3434	2
3435	2
3436	2
3437	2
3438	2
3439	2
3440	2
3441	2
3442	2
3443	2
3444	2
3445	2
3446	2
3447	2
3448	2
3449	2
3450	2
3451	2
3452	2
3453	2
3454	2
3455	2
3456	2
3457	2
3458	2
3459	2
3460	2
3461	2
3462	2
3463	2
3464	2
3465	2
3466	2
3467	2
3468	2
3469	2
3470	2
3471	2
3472	2
3473	2
3474	2
3475	2
3476	2
3477	2
3478	2
3479	2
3480	2
3481	2
3482	2
3483	2
3484	2
3485	2
3486	2
3487	2
3488	2
3489	2
3490	2
3491	2
3492	2
3493	2
3494	2
3495	2
3496	2
3497	2
3498	2
3499	2
3500	2
3501	2
3502	2
3503	2
3504	2
3505	2
3506	2
3507	2
3508	2
3509	2
3510	2
3511	2
3512	2
3513	2
3514	2
3515	2
3516	2
3517	2
3518	2
3519	2
3520	2
3521	2
3522	2
3523	2
3524	2
3525	2
3526	2
3527	2
3528	2
3529	2
3530	2
3531	2
3532	2
3533	2
3534	2
3535	2
3536	2
3537	2
3538	2
3539	2
3540	2
3541	2
3542	2
3543	2
3544	2
3545	2
3546	2
3547	2
3548	2
3549	2
3550	2
3551	2
3552	2
3553	2
3554	2
3555	2
3556	2
3557	2
3558	2
3559	2
3560	2
3561	2
3562	2
3563	2
3564	2
3565	2
3566	2
3567	2
3568	2
3569	2
3570	2
3571	2
3572	2
3573	2
3574	2
3575	2
3576	2
3577	2
3578	2
3579	2
3580	2
3581	2
3582	2
3583	2
3584	2
3585	2
3586	2
3587	2
3588	2
3589	2
3590	2
3591	2
3592	2
3593	2
3594	2
3595	2
3596	2
3597	2
3598	2
3599	2
3600	2
3601	2
3602	2
3603	2
3604	2
3605	2
3606	2
3607	2
3608	2
3609	2
3610	2
3611	2
3612	2
3613	2
3614	2
3615	2
3616	2
3617	2
3618	2
3619	2
3620	2
3621	2
3622	2
3623	2
3624	2
3625	2
3626	2
3627	2
3628	2
3629	2
3630	2
3631	2
3632	2
3633	2
3634	2
3635	2
3636	2
3637	2
3638	2
3639	2
3640	2
3641	2
3642	2
3643	2
3644	2
3645	2
3646	2
3647	2
3648	2
3649	2
3650	2
3651	2
3652	2
3653	2
3654	2
3655	2
3656	2
3657	2
3658	2
3659	2
3660	2
3661	2
3662	2
3663	2
3664	2
3665	2
3666	2
3667	2
3668	2
3669	2
3670	2
3671	2
3672	2
3673	2
3674	2
3675	2
3676	2
3677	2
3678	2
3679	2
3680	2
3681	2
3682	2
3683	2
3684	2
3685	2
3686	2
3687	2
3688	2
3689	2
3690	2
3691	2
3692	2
3693	2
3694	2
3695	2
3696	2
3697	2
3698	2
3699	2
3700	2
3701	2
3702	2
3703	2
3704	2
3705	2
3706	2
3707	2
3708	2
3709	2
3710	2
3711	2
3712	2
3713	2
3714	2
3715	2
3716	2
3717	2
3718	2
3719	2
3720	2
3721	2
3722	2
3723	2
3724	2
3725	2
3726	2
3727	2
3728	2
3729	2
3730	2
3731	2
3732	2
3733	2
3734	2
3735	2
3736	2
3737	2
3738	2
3739	2
3740	2
3741	2
3742	2
3743	2
3744	2
3745	2
3746	2
3747	2
3748	2
3749	2
3750	2
3751	2
3752	2
3753	2
3754	2
3755	2
3756	2
3757	2
3758	2
3759	2
3760	2
3761	2
3762	2
3763	2
3764	2
3765	2
3766	2
3767	2
3768	2
3769	2
3770	2
3771	2
3772	2
3773	2
3774	2
3775	2
3776	2
3777	2
3778	2
3779	2
3780	2
3781	2
3782	2
3783	2
3784	2
3785	2
3786	2
3787	2
3788	2
3789	2
3790	2
3791	2
3792	2
3793	2
3794	2
3795	2
3796	2
3797	2
3798	2
3799	2
3800	2
3801	2
3802	2
3803	2
3804	2
3805	2
3806	2
3807	2
3808	2
3809	2
3810	2
3811	2
3812	2
3813	2
3814	2
3815	2
3816	2
3817	2
3818	2
3819	2
3820	2
3821	2
3822	2
3823	2
3824	2
3825	2
3826	2
3827	2
3828	2
3829	2
3830	2
3831	2
3832	2
3833	2
3834	2
3835	2
3836	2
3837	2
3838	2
3839	2
3840	2
3841	2
3842	2
3843	2
3844	2
3845	2
3846	2
3847	2
3848	2
3849	2
3850	2
3851	2
3852	2
3853	2
3854	2
3855	2
3856	2
3857	2
3858	2
3859	2
3860	2
3861	2
3862	2
3863	2
3864	2
3865	2
3866	2
3867	2
3868	2
3869	2
3870	2
3871	2
3872	2
3873	2
3874	2
3875	2
3876	2
3877	2
3878	2
3879	2
3880	2
3881	2
3882	2
3883	2
3884	2
3885	2
3886	2
3887	2
3888	2
3889	2
3890	2
3891	2
3892	2
3893	2
3894	2
3895	2
3896	2
3897	2
3898	2
3899	2
3900	2
3901	2
3902	2
3903	2
3904	2
3905	2
3906	2
3907	2
3908	2
3909	2
3910	2
3911	2
3912	2
3913	2
3914	2
3915	2
3916	2
3917	2
3918	2
3919	2
3920	2
3921	2
3922	2
3923	2
3924	2
3925	2
3926	2
3927	2
3928	2
3929	2
3930	2
3931	2
3932	2
3933	2
3934	2
3935	2
3936	2
3937	2
3938	2
3939	2
3940	2
3941	2
3942	2
3943	2
3944	2
3945	2
3946	2
3947	2
3948	2
3949	2
3950	2
3951	2
3952	2
3953	2
3954	2
3955	2
3956	2
3957	2
3958	2
3959	2
3960	2
3961	2
3962	2
3963	2
3964	2
3965	2
3966	2
3967	2
3968	2
3969	2
3970	2
3971	2
3972	2
3973	2
3974	2
3975	2
3976	2
3977	2
3978	2
3979	2
3980	2
3981	2
3982	2
3983	2
3984	2
3985	2
3986	2
3987	2
3988	2
3989	2
3990	2
3991	2
3992	2
3993	2
3994	2
3995	2
3996	2
3997	2
3998	2
3999	2
4000	2
4001	2
4002	2
4003	2
4004	2
4005	2
4006	2
4007	2
4008	2
4009	2
4010	2
4011	2
4012	2
4013	2
4014	2
4015	2
4016	2
4017	2
4018	2
4019	2
4020	2
4021	2
4022	2
4023	2
4024	2
4025	2
4026	2
4027	2
4028	2
4029	2
4030	2
4031	2
4032	2
4033	2
4034	2
4035	2
4036	2
4037	2
4038	2
4039	2
4040	2
4041	2
4042	2
4043	2
4044	2
4045	2
4046	2
4047	2
4048	2
4049	2
4050	2
4051	2
4052	2
4053	2
4054	2
4055	2
4056	2
4057	2
4058	2
4059	2
4060	2
4061	2
4062	2
4063	2
4064	2
4065	2
4066	2
4067	2
4068	2
4069	2
4070	2
4071	2
4072	2
4073	2
4074	2
4075	2
4076	2
4077	2
4078	2
4079	2
4080	2
4081	2
4082	2
4083	2
4084	2
4085	2
4086	2
4087	2
4088	2
4089	2
4090	2
4091	2
4092	2
4093	2
4094	2
4095	2
4096	2
4097	2
4098	2
4099	2
4100	2
4101	2
4102	2
4103	2
4104	2
4105	2
4106	2
4107	2
4108	2
4109	2
4110	2
4111	2
4112	2
4113	2
4114	2
4115	2
4116	2
4117	2
4118	2
4119	2
4120	2
4121	2
4122	2
4123	2
4124	2
4125	2
4126	2
4127	2
4128	2
4129	2
4130	2
4131	2
4132	2
4133	2
4134	2
4135	2
4136	2
4137	2
4138	2
4139	2
4140	2
4141	2
4142	2
4143	2
4144	2
4145	2
4146	2
4147	2
4148	2
4149	2
4150	2
4151	2
4152	2
4153	2
4154	2
4155	2
4156	2
4157	2
4158	2
4159	2
4160	2
4161	2
4162	2
4163	2
4164	2
4165	2
4166	2
4167	2
4168	2
4169	2
4170	2
4171	2
4172	2
4173	2
4174	2
4175	2
4176	2
4177	2
4178	2
4179	2
4180	2
4181	2
4182	2
4183	2
4184	2
4185	2
4186	2
4187	2
4188	2
4189	2
4190	2
4191	2
4192	2
4193	2
4194	2
4195	2
4196	2
4197	2
4198	2
4199	2
4200	2
4201	2
4202	2
4203	2
4204	2
4205	2
4206	2
4207	2
4208	2
4209	2
4210	2
4211	2
4212	2
4213	2
4214	2
4215	2
4216	2
4217	2
4218	2
4219	2
4220	2
4221	2
4222	2
4223	2
4224	2
4225	2
4226	2
4227	2
4228	2
4229	2
4230	2
4231	2
4232	2
4233	2
4234	2
4235	2
4236	2
4237	2
4238	2
4239	2
4240	2
4241	2
4242	2
4243	2
4244	2
4245	2
4246	2
4247	2
4248	2
4249	2
4250	2
4251	2
4252	2
4253	2
4254	2
4255	2
4256	2
4257	2
4258	2
4259	2
4260	2
4261	2
4262	2
4263	2
4264	2
4265	2
4266	2
4267	2
4268	2
4269	2
4270	2
4271	2
4272	2
4273	2
4274	2
4275	2
4276	2
4277	2
4278	2
4279	2
4280	2
4281	2
4282	2
4283	2
4284	2
4285	2
4286	2
4287	2
4288	2
4289	2
4290	2
4291	2
4292	2
4293	2
4294	2
4295	2
4296	2
4297	2
4298	2
4299	2
4300	2
4301	2
4302	2
4303	2
4304	2
4305	2
4306	2
4307	2
4308	2
4309	2
4310	2
4311	2
4312	2
4313	2
4314	2
4315	2
4316	2
4317	2
4318	2
4319	2
4320	2
4321	2
4322	2
4323	2
4324	2
4325	2
4326	2
4327	2
4328	2
4329	2
4330	2
4331	2
4332	2
4333	2
4334	2
4335	2
4336	2
4337	2
4338	2
4339	2
4340	2
4341	2
4342	2
4343	2
4344	2
4345	2
4346	2
4347	2
4348	2
4349	2
4350	2
4351	2
4352	2
4353	2
4354	2
4355	2
4356	2
4357	2
4358	2
4359	2
4360	2
4361	2
4362	2
4363	2
4364	2
4365	2
4366	2
4367	2
4368	2
4369	2
4370	2
4371	2
4372	2
4373	2
4374	2
4375	2
4376	2
4377	2
4378	2
4379	2
4380	2
4381	2
4382	2
4383	2
4384	2
4385	2
4386	2
4387	2
4388	2
4389	2
4390	2
4391	2
4392	2
4393	2
4394	2
4395	2
4396	2
4397	2
4398	2
4399	2
4400	2
4401	2
4402	2
4403	2
4404	2
4405	2
4406	2
4407	2
4408	2
4409	2
4410	2
4411	2
4412	2
4413	2
4414	2
4415	2
4416	2
4417	2
4418	2
4419	2
4420	2
4421	2
4422	2
4423	2
4424	2
4425	2
4426	2
4427	2
4428	2
4429	2
4430	2
4431	2
4432	2
4433	2
4434	2
4435	1
4436	1
4437	1
4438	1
4439	1
4440	1
4441	1
4442	1
4443	1
4444	1
4445	1
4446	1
4447	1
4448	1
4449	1
4450	1
4451	1
4452	1
4453	1
4454	1
4455	1
4456	1
4457	1
4458	1
4459	1
4460	1
4461	1
4462	1
4463	1
4464	1
4465	1
4466	1
4467	1
4468	1
4469	1
4470	1
4471	1
4472	1
4473	1
4474	1
4475	1
4476	1
4477	1
4478	1
4479	1
4480	1
4481	1
4482	1
4483	1
4484	1
4485	1
4486	1
4487	1
4488	1
4489	1
4490	1
4491	1
4492	1
4493	1
4494	1
4495	1
4496	1
4497	1
4498	1
4499	1
4500	1
4501	1
4502	1
4503	1
4504	1
4505	1
4506	1
4507	1
4508	1
4509	1
4510	1
4511	1
4512	1
4513	1
4514	1
4515	1
4516	1
4517	1
4518	1
4519	1
4520	1
4521	1
4522	1
4523	1
4524	1
4525	1
4526	1
4527	1
4528	1
4529	1
4530	1
4531	1
4532	1
4533	1
4534	1
4535	1
4536	1
4537	1
4538	1
4539	1
4540	1
4541	1
4542	1
4543	1
4544	1
4545	1
4546	1
4547	1
4548	1
4549	1
4550	1
4551	1
4552	1
4553	1
4554	1
4555	1
4556	1
4557	1
4558	1
4559	1
4560	1
4561	1
4562	1
4563	1
4564	1
4565	1
4566	1
4567	1
4568	1
4569	1
4570	1
4571	1
4572	1
4573	1
4574	1
4575	1
4576	1
4577	1
4578	1
4579	1
4580	1
4581	1
4582	1
4583	1
4584	1
4585	1
4586	1
4587	1
4588	1
4589	1
4590	1
4591	1
4592	1
4593	1
4594	1
4595	1
4596	1
4597	1
4598	1
4599	1
4600	1
4601	1
4602	1
4603	1
4604	1
4605	1
4606	1
4607	1
4608	1
4609	1
4610	1
4611	1
4612	1
4613	1
4614	1
4615	1
4616	1
4617	1
4618	1
4619	1
4620	1
4621	1
4622	1
4623	1
4624	1
4625	1
4626	1
4627	1
4628	1
4629	1
4630	1
4631	1
4632	1
4633	1
4634	1
4635	1
4636	1
4637	1
4638	1
4639	1
4640	1
4641	1
4642	1
4643	1
4644	1
4645	1
4646	1
4647	1
4648	1
4649	1
4650	1
4651	1
4652	1
4653	1
4654	1
4655	1
4656	1
4657	1
4658	1
4659	1
4660	1
4661	1
4662	1
4663	1
4664	1
4665	1
4666	1
4667	1
4668	1
4669	1
4670	1
4671	1
4672	1
4673	1
4674	1
4675	1
4676	1
4677	1
4678	1
4679	1
4680	1
4681	1
4682	1
4683	1
4684	1
4685	1
4686	1
4687	1
4688	1
4689	1
4690	1
4691	1
4692	1
4693	1
4694	1
4695	1
4696	1
4697	1
4698	1
4699	1
4700	1
4701	1
4702	1
4703	1
4704	1
4705	1
4706	1
4707	1
4708	1
4709	1
4710	1
4711	1
4712	1
4713	1
4714	1
4715	1
4716	1
4717	1
4718	1
4719	1
4720	1
4721	1
4722	1
4723	1
4724	1
4725	1
4726	1
4727	1
4728	1
4729	1
4730	1
4731	1
4732	1
4733	1
4734	1
4735	1
4736	1
4737	1
4738	1
4739	1
4740	1
4741	1
4742	1
4743	1
4744	1
4745	1
4746	1
4747	1
4748	1
4749	1
4750	1
4751	1
4752	1
4753	1
4754	1
4755	1
4756	1
4757	1
4758	1
4759	1
4760	1
4761	1
4762	1
4763	1
4764	1
4765	1
4766	1
4767	1
4768	1
4769	1
4770	1
4771	1
4772	1
4773	1
4774	1
4775	1
4776	1
4777	1
4778	1
4779	1
4780	1
4781	1
4782	1
4783	1
4784	1
4785	1
4786	1
4787	1
4788	1
4789	1
4790	1
4791	1
4792	1
4793	1
4794	1
4795	1
4796	1
4797	1
4798	1
4799	1
4800	1
4801	1
4802	1
4803	1
4804	1
4805	1
4806	1
4807	1
4808	1
4809	1
4810	1
4811	1
4812	1
4813	1
4814	1
4815	1
4816	1
4817	1
4818	1
4819	1
4820	1
4821	1
4822	1
4823	1
4824	1
4825	1
4826	1
4827	1
4828	1
4829	1
4830	1
4831	1
4832	1
4833	1
4834	1
4835	1
4836	1
4837	1
4838	1
4839	1
4840	1
4841	1
4842	1
4843	1
4844	1
4845	1
4846	1
4847	1
4848	1
4849	1
4850	1
4851	1
4852	1
4853	1
4854	1
4855	1
4856	1
4857	1
4858	1
4859	1
4860	1
4861	1
4862	1
4863	1
4864	1
4865	1
4866	1
4867	1
4868	1
4869	1
4870	1
4871	1
4872	1
4873	1
4874	1
4875	1
4876	1
4877	1
4878	1
4879	1
4880	1
4881	1
4882	1
4883	1
4884	1
4885	1
4886	1
4887	1
4888	1
4889	1
4890	1
4891	1
4892	1
4893	1
4894	1
4895	1
4896	1
4897	1
4898	1
4899	1
4900	1
4901	1
4902	1
4903	1
4904	1
4905	1
4906	1
4907	1
4908	1
4909	1
4910	1
4911	1
4912	1
4913	1
4914	1
4915	1
4916	1
4917	1
4918	1
4919	1
4920	1
4921	1
4922	1
4923	1
4924	1
4925	1
4926	1
4927	1
4928	1
4929	1
4930	1
4931	1
4932	1
4933	1
4934	1
4935	1
4936	1
4937	1
4938	1
4939	1
4940	1
4941	1
4942	1
4943	1
4944	1
4945	1
4946	1
4947	1
4948	1
4949	1
4950	1
4951	1
4952	1
4953	1
4954	1
4955	1
4956	1
4957	1
4958	1
4959	1
4960	1
4961	1
4962	1
4963	1
4964	1
4965	1
4966	1
4967	1
4968	1
4969	1
4970	1
4971	1
4972	1
4973	1
4974	1
4975	1
4976	1
4977	1
4978	1
4979	1
4980	1
4981	1
4982	1
4983	1
4984	1
4985	1
4986	1
4987	1
4988	1
4989	1
4990	1
4991	1
4992	1
4993	1
4994	1
4995	1
4996	1
4997	1
4998	1
4999	1
5000	1
5001	1
5002	1
5003	1
5004	1
5005	1
5006	1
5007	1
5008	1
5009	1
5010	1
5011	1
5012	1
5013	1
5014	1
5015	1
5016	1
5017	1
5018	1
5019	1
5020	1
5021	1
5022	1
5023	1
5024	1
5025	1
5026	1
5027	1
5028	1
5029	1
5030	1
5031	1
5032	1
5033	1
5034	1
5035	1
5036	1
5037	1
5038	1
5039	1
5040	1
5041	1
5042	1
5043	1
5044	1
5045	1
5046	1
5047	1
5048	1
5049	1
5050	1
5051	1
5052	1
5053	1
5054	1
5055	1
5056	1
5057	1
5058	1
5059	1
5060	1
5061	1
5062	1
5063	1
5064	1
5065	1
5066	1
5067	1
5068	1
5069	1
5070	1
5071	1
5072	1
5073	1
5074	1
5075	1
5076	1
5077	1
5078	1
5079	1
5080	1
5081	1
5082	1
5083	1
5084	1
5085	1
5086	1
5087	1
5088	1
5089	1
5090	1
5091	1
5092	1
5093	1
5094	1
5095	1
5096	1
5097	1
5098	1
5099	1
5100	1
5101	1
5102	1
5103	1
5104	1
5105	1
5106	1
5107	1
5108	1
5109	1
5110	1
5111	1
5112	1
5113	1
5114	1
5115	1
5116	1
5117	1
5118	1
5119	1
5120	1
5121	1
5122	1
5123	1
5124	1
5125	1
5126	1
5127	1
5128	1
5129	1
5130	1
5131	1
5132	1
5133	1
5134	1
5135	1
5136	1
5137	1
5138	1
5139	1
5140	1
5141	1
5142	1
5143	1
5144	1
5145	1
5146	1
5147	1
5148	1
5149	1
5150	1
5151	1
5152	1
5153	1
5154	1
5155	1
5156	1
5157	1
5158	1
5159	1
5160	1
5161	1
5162	1
5163	1
5164	1
5165	1
5166	1
5167	1
5168	1
5169	1
5170	1
5171	1
5172	1
5173	1
5174	1
5175	1
5176	1
5177	1
5178	1
5179	1
5180	1
5181	1
5182	1
5183	1
5184	1
5185	1
5186	1
5187	1
5188	1
5189	1
5190	1
5191	1
5192	1
5193	1
5194	1
5195	1
5196	1
5197	1
5198	1
5199	1
5200	1
5201	1
5202	1
5203	1
5204	1
5205	1
5206	1
5207	1
5208	1
5209	1
5210	1
5211	1
5212	1
5213	1
5214	1
5215	1
5216	1
5217	1
5218	1
5219	1
5220	1
5221	1
5222	1
5223	1
5224	1
5225	1
5226	1
5227	1
5228	1
5229	1
5230	1
5231	1
5232	1
5233	1
5234	1
5235	1
5236	1
5237	1
5238	1
5239	1
5240	1
5241	1
5242	1
5243	1
5244	1
5245	1
5246	1
5247	1
5248	1
5249	1
5250	1
5251	1
5252	1
5253	1
5254	1
5255	1
5256	1
5257	1
5258	1
5259	1
5260	1
5261	1
5262	1
5263	1
5264	1
5265	1
5266	1
5267	1
5268	1
5269	1
5270	1
5271	1
5272	1
5273	1
5274	1
5275	1
5276	1
5277	1
5278	1
5279	1
5280	1
5281	1
5282	1
5283	1
5284	1
5285	1
5286	1
5287	1
5288	1
5289	1
5290	1
5291	1
5292	1
5293	1
5294	1
5295	1
5296	1
5297	1
5298	1
5299	1
5300	1
5301	1
5302	1
5303	1
5304	1
5305	1
5306	1
5307	1
5308	1
5309	1
5310	1
5311	1
5312	1
5313	1
5314	1
5315	1
5316	1
5317	1
5318	1
5319	1
5320	1
5321	1
5322	1
5323	1
5324	1
5325	1
5326	1
5327	1
5328	1
5329	1
5330	1
5331	1
5332	1
5333	1
5334	1
5335	1
5336	1
5337	1
5338	1
5339	1
5340	1
5341	1
5342	1
5343	1
5344	1
5345	1
5346	1
5347	1
5348	1
5349	1
5350	1
5351	1
5352	1
5353	1
5354	1
5355	1
5356	1
5357	1
5358	1
5359	1
5360	1
5361	1
5362	1
5363	1
5364	1
5365	1
5366	1
5367	1
5368	1
5369	1
5370	1
5371	1
5372	1
5373	1
5374	1
5375	1
5376	1
5377	1
5378	1
5379	1
5380	1
5381	1
5382	1
5383	1
5384	1
5385	1
5386	1
5387	1
5388	1
5389	1
5390	1
5391	1
5392	1
5393	1
5394	1
5395	1
5396	1
5397	1
5398	1
5399	1
5400	1
5401	1
5402	1
5403	1
5404	1
5405	1
5406	1
5407	1
5408	1
5409	1
5410	1
5411	1
5412	1
5413	1
5414	1
5415	1
5416	1
5417	1
5418	1
5419	1
5420	1
5421	1
5422	1
5423	1
5424	1
5425	1
5426	1
5427	1
5428	1
5429	1
5430	1
5431	1
5432	1
5433	1
5434	1
5435	1
5436	1
5437	1
5438	1
5439	1
5440	1
5441	1
5442	1
5443	1
5444	1
5445	1
5446	1
5447	1
5448	1
5449	1
5450	1
5451	1
5452	1
5453	1
5454	1
5455	1
5456	1
5457	1
5458	1
5459	1
5460	1
5461	1
5462	1
5463	1
5464	1
5465	1
5466	1
5467	1
5468	1
5469	1
5470	1
5471	1
5472	1
5473	1
5474	1
5475	1
5476	1
5477	1
5478	1
5479	1
5480	1
5481	1
5482	1
5483	1
5484	1
5485	1
5486	1
5487	1
5488	1
5489	1
5490	1
5491	1
5492	1
5493	1
5494	1
5495	1
5496	1
5497	1
5498	1
5499	1
5500	1
5501	1
5502	1
5503	1
5504	1
5505	1
5506	1
5507	1
5508	1
5509	1
5510	1
5511	1
5512	1
5513	1
5514	1
5515	1
5516	1
5517	1
5518	1
5519	1
5520	1
5521	1
5522	1
5523	1
5524	1
5525	1
5526	1
5527	1
5528	1
5529	1
5530	1
5531	1
5532	1
5533	1
5534	1
5535	1
5536	1
5537	1
5538	1
5539	1
5540	1
5541	1
5542	1
5543	1
5544	1
5545	1
5546	1
5547	1
5548	1
5549	1
5550	1
5551	1
5552	1
5553	1
5554	1
5555	1
5556	1
5557	1
5558	1
5559	1
5560	1
5561	1
5562	1
5563	1
5564	1
5565	1
5566	1
5567	1
5568	1
5569	1
5570	1
5571	1
5572	1
5573	1
5574	1
5575	1
5576	1
5577	1
5578	1
5579	1
5580	1
5581	1
5582	1
5583	1
5584	1
5585	1
5586	1
5587	1
5588	1
5589	1
5590	1
5591	1
5592	1
5593	1
5594	1
5595	1
5596	1
5597	1
5598	1
5599	1
5600	1
5601	1
5602	1
5603	1
5604	1
5605	1
5606	1
5607	1
5608	1
5609	1
5610	1
5611	1
5612	1
5613	1
5614	1
5615	1
5616	1
5617	1
5618	1
5619	1
5620	1
5621	1
5622	1
5623	1
5624	1
5625	1
5626	1
5627	1
5628	1
5629	1
5630	1
5631	1
5632	1
5633	1
5634	1
5635	1
5636	1
5637	1
5638	1
5639	1
5640	1
5641	1
5642	1
5643	1
5644	1
5645	1
5646	1
5647	1
5648	1
5649	1
5650	1
5651	1
5652	1
5653	1
5654	1
5655	1
5656	1
5657	1
5658	1
5659	1
5660	1
5661	1
5662	1
5663	1
5664	1
5665	1
5666	1
5667	1
5668	1
5669	1
5670	1
5671	1
5672	1
5673	1
5674	1
5675	1
5676	1
5677	1
5678	1
5679	1
5680	1
5681	1
5682	1
5683	1
5684	1
5685	1
5686	1
5687	1
5688	1
5689	1
5690	1
5691	1
5692	1
5693	1
5694	1
5695	1
5696	1
5697	1
5698	1
5699	1
5700	1
5701	1
5702	1
5703	1
5704	1
5705	1
5706	1
5707	1
5708	1
5709	1
5710	1
5711	1
5712	1
5713	1
5714	1
5715	1
5716	1
5717	1
5718	1
5719	1
5720	1
5721	1
5722	1
5723	1
5724	1
5725	1
5726	1
5727	1
5728	1
5729	1
5730	1
5731	1
5732	1
5733	1
5734	1
5735	1
5736	1
5737	1
5738	1
5739	1
5740	1
5741	1
5742	1
5743	1
5744	1
5745	1
5746	1
5747	1
5748	1
5749	1
5750	1
5751	1
5752	1
5753	1
5754	1
5755	1
5756	1
5757	1
5758	1
5759	1
5760	1
5761	1
5762	1
5763	1
5764	1
5765	1
5766	1
5767	1
5768	1
5769	1
5770	1
5771	1
5772	1
5773	1
5774	1
5775	1
5776	1
5777	1
5778	1
5779	1
5780	1
5781	1
5782	1
5783	1
5784	1
5785	1
5786	1
5787	1
5788	1
5789	1
5790	1
5791	1
5792	1
5793	1
5794	1
5795	1
5796	1
5797	1
5798	1
5799	1
5800	1
5801	1
5802	1
5803	1
5804	1
5805	1
5806	1
5807	1
5808	1
5809	1
5810	1
5811	1
5812	1
5813	1
5814	1
5815	1
5816	1
5817	1
5818	1
5819	1
5820	1
5821	1
5822	1
5823	1
5824	1
5825	1
5826	1
5827	1
5828	1
5829	1
5830	1
5831	1
5832	1
5833	1
5834	1
5835	1
5836	1
5837	1
5838	1
5839	1
5840	1
5841	1
5842	1
5843	1
5844	1
5845	1
5846	1
5847	1
5848	1
5849	1
5850	1
5851	1
5852	1
5853	1
5854	1
5855	1
5856	1
5857	1
5858	1
5859	1
5860	1
5861	1
5862	1
5863	1
5864	1
5865	1
5866	1
5867	1
5868	1
5869	1
5870	1
5871	1
5872	1
5873	1
5874	1
5875	1
5876	1
5877	1
5878	1
5879	1
5880	1
5881	1
5882	1
5883	1
5884	1
5885	1
5886	1
5887	1
5888	1
5889	1
5890	1
5891	1
5892	1
5893	1
5894	1
5895	1
5896	1
5897	1
5898	1
5899	1
5900	1
5901	1
5902	1
5903	1
5904	1
5905	1
5906	1
5907	1
5908	1
5909	1
5910	1
5911	1
5912	1
5913	1
5914	1
5915	1
5916	1
5917	1
5918	1
5919	1
5920	1
5921	1
5922	1
5923	1
5924	1
5925	1
5926	1
5927	1
5928	1
5929	1
5930	1
5931	1
5932	1
5933	1
5934	1
5935	1
5936	1
5937	1
5938	1
5939	1
5940	1
5941	1
5942	1
5943	1
5944	1
5945	1
5946	1
5947	1
5948	1
5949	1
5950	1
5951	1
5952	1
5953	1
5954	1
5955	1
5956	1
5957	1
5958	1
5959	1
5960	1
5961	1
5962	1
5963	1
5964	1
5965	1
5966	1
5967	1
5968	1
5969	1
5970	1
5971	1
5972	1
5973	1
5974	1
5975	1
5976	1
5977	1
5978	1
5979	1
5980	1
5981	1
5982	1
5983	1
5984	1
5985	1
5986	1
5987	1
5988	1
5989	1
5990	1
5991	1
5992	1
5993	1
5994	1
5995	1
5996	1
5997	1
5998	1
5999	1
6000	1
6001	1
6002	1
6003	1
6004	1
6005	1
6006	1
6007	1
6008	1
6009	1
6010	1
6011	1
6012	1
6013	1
6014	1
6015	1
6016	1
6017	1
6018	1
6019	1
6020	1
6021	1
6022	1
6023	1
6024	1
6025	1
6026	1
6027	1
6028	1
6029	1
6030	1
6031	1
6032	1
6033	1
6034	1
6035	1
6036	1
6037	1
6038	1
6039	1
6040	1
6041	1
6042	1
6043	1
6044	1
6045	1
6046	1
6047	1
6048	1
6049	1
6050	1
6051	1
6052	1
6053	1
6054	1
6055	1
6056	1
6057	1
6058	1
6059	1
6060	1
6061	1
6062	1
6063	1
6064	1
6065	1
6066	1
6067	1
6068	1
6069	1
6070	1
6071	1
6072	1
6073	1
6074	1
6075	1
6076	1
6077	1
6078	1
6079	1
6080	1
6081	1
6082	1
6083	1
6084	1
6085	1
6086	1
6087	1
6088	1
6089	1
6090	1
6091	1
6092	1
6093	1
6094	1
6095	1
6096	1
6097	1
6098	1
6099	1
6100	1
6101	1
6102	1
6103	1
6104	1
6105	1
6106	1
6107	1
6108	1
6109	1
6110	1
6111	1
6112	1
6113	1
6114	1
6115	1
6116	1
6117	1
6118	1
6119	1
6120	1
6121	1
6122	1
6123	1
6124	1
6125	1
6126	1
6127	1
6128	1
6129	1
6130	1
6131	1
6132	1
6133	1
6134	1
6135	1
6136	1
6137	1
6138	1
6139	1
6140	1
6141	1
6142	1
6143	1
6144	1
6145	1
6146	1
6147	1
6148	1
6149	1
6150	1
6151	1
6152	1
6153	1
6154	1
6155	1
6156	1
6157	1
6158	1
6159	1
6160	1
6161	1
6162	1
6163	1
6164	1
6165	1
6166	1
6167	1
6168	1
6169	1
6170	1
6171	1
6172	1
6173	1
6174	1
6175	1
6176	1
6177	1
6178	1
6179	1
6180	1
6181	1
6182	1
6183	1
6184	1
6185	1
6186	1
6187	1
6188	1
6189	1
6190	1
6191	1
6192	1
6193	1
6194	1
6195	1
6196	1
6197	1
6198	1
6199	1
6200	1
6201	1
6202	1
6203	1
6204	1
6205	1
6206	1
6207	1
6208	1
6209	1
6210	1
6211	1
6212	1
6213	1
6214	1
6215	1
6216	1
6217	1
6218	1
6219	1
6220	1
6221	1
6222	1
6223	1
6224	1
6225	1
6226	1
6227	1
6228	1
6229	1
6230	1
6231	1
6232	1
6233	1
6234	1
6235	1
6236	1
6237	1
6238	1
6239	1
6240	1
6241	1
6242	1
6243	1
6244	1
6245	1
6246	1
6247	1
6248	1
6249	1
6250	1
6251	1
6252	1
6253	1
6254	1
6255	1
6256	1
6257	1
6258	1
6259	1
6260	1
6261	1
6262	1
6263	1
6264	1
6265	1
6266	1
6267	1
6268	1
6269	1
6270	1
6271	1
6272	1
6273	1
6274	1
6275	1
6276	1
6277	1
6278	1
6279	1
6280	1
6281	1
6282	1
6283	1
6284	1
6285	1
6286	1
6287	1
6288	1
6289	1
6290	1
6291	1
6292	1
6293	1
6294	1
6295	1
6296	1
6297	1
6298	1
6299	1
6300	1
6301	1
6302	1
6303	1
6304	1
6305	1
6306	1
6307	1
6308	1
6309	1
6310	1
6311	1
6312	1
6313	1
6314	1
6315	1
6316	1
6317	1
6318	1
6319	1
6320	1
6321	1
6322	1
6323	1
6324	1
6325	1
6326	1
6327	1
6328	1
6329	1
6330	1
6331	1
6332	1
6333	1
6334	1
6335	1
6336	1
6337	1
6338	1
6339	1
6340	1
6341	1
6342	1
6343	1
6344	1
6345	1
6346	1
6347	1
6348	1
6349	1
6350	1
6351	1
6352	1
6353	1
6354	1
6355	1
6356	1
6357	1
6358	1
6359	1
6360	1
6361	1
6362	1
6363	1
6364	1
6365	1
6366	1
6367	1
6368	1
6369	1
6370	1
6371	1
6372	1
6373	1
6374	1
6375	1
6376	1
6377	1
6378	1
6379	1
6380	1
6381	1
6382	1
6383	1
6384	1
6385	1
6386	1
6387	1
6388	1
6389	1
6390	1
6391	1
6392	1
6393	1
6394	1
6395	1
6396	1
6397	1
6398	1
6399	1
6400	1
6401	1
6402	1
6403	1
6404	1
6405	1
6406	1
6407	1
6408	1
6409	1
6410	1
6411	1
6412	1
6413	1
6414	1
6415	1
6416	1
6417	1
6418	1
6419	1
6420	1
6421	1
6422	1
6423	1
6424	1
6425	1
6426	1
6427	1
6428	1
6429	1
6430	1
6431	1
6432	1
6433	1
6434	1
6435	1
6436	1
6437	1
6438	1
6439	1
6440	1
6441	1
6442	1
6443	1
6444	1
6445	1
6446	1
6447	1
6448	1
6449	1
6450	1
6451	1
6452	1
6453	1
6454	1
6455	1
6456	1
6457	1
6458	1
6459	1
6460	1
6461	1
6462	1
6463	1
6464	1
6465	1
6466	1
6467	1
6468	1
6469	1
6470	1
6471	1
6472	1
6473	1
6474	1
6475	1
6476	1
6477	1
6478	1
6479	1
6480	1
6481	1
6482	1
6483	1
6484	1
6485	1
6486	1
6487	1
6488	1
6489	1
6490	1
6491	1
6492	1
6493	1
6494	1
6495	1
6496	1
6497	1
6498	1
6499	1
6500	1
6501	1
6502	1
6503	1
6504	1
6505	1
6506	1
6507	1
6508	1
6509	1
6510	1
6511	1
6512	1
6513	1
6514	1
6515	1
6516	1
6517	1
6518	1
6519	1
6520	1
6521	1
6522	1
6523	1
6524	1
6525	1
6526	1
6527	1
6528	1
6529	1
6530	1
6531	1
6532	1
6533	1
6534	1
6535	1
6536	1
6537	1
6538	1
6539	1
6540	1
6541	1
6542	1
6543	1
6544	1
6545	1
6546	1
6547	1
6548	1
6549	1
6550	1
6551	1
6552	1
6553	1
6554	1
6555	1
6556	1
6557	1
6558	1
6559	1
6560	1
6561	1
6562	1
6563	1
6564	1
6565	1
6566	1
6567	1
6568	1
6569	1
6570	1
6571	1
6572	1
6573	1
6574	1
6575	1
6576	1
6577	1
6578	1
6579	1
6580	1
6581	1
6582	1
6583	1
6584	1
6585	1
6586	1
6587	1
6588	1
6589	1
6590	1
6591	1
6592	1
6593	1
6594	1
6595	1
6596	1
6597	1
6598	1
6599	1
6600	1
6601	1
6602	1
6603	1
6604	1
6605	1
6606	1
6607	1
6608	1
6609	1
6610	1
6611	1
6612	1
6613	1
6614	1
6615	1
6616	1
6617	1
6618	1
6619	1
6620	1
6621	1
6622	1
6623	1
6624	1
6625	1
6626	1
6627	1
6628	1
6629	1
6630	1
6631	1
6632	1
6633	1
6634	1
6635	1
6636	1
6637	1
6638	1
6639	1
6640	1
6641	1
6642	1
6643	1
6644	1
6645	1
6646	1
6647	1
6648	1
6649	1
6650	1
6651	1
6652	1
6653	1
6654	1
6655	1
6656	1
6657	1
6658	1
6659	1
6660	1
6661	1
6662	1
6663	1
6664	1
6665	1
6666	1
6667	1
6668	1
6669	1
6670	1
6671	1
6672	1
6673	1
6674	1
6675	1
6676	1
6677	1
6678	1
6679	1
6680	1
6681	1
6682	1
6683	1
6684	1
6685	1
6686	1
6687	1
6688	1
6689	1
6690	1
6691	1
6692	1
6693	1
6694	1
6695	1
6696	1
6697	1
6698	1
6699	1
6700	1
6701	1
6702	1
6703	1
6704	1
6705	1
6706	1
6707	1
6708	1
6709	1
6710	1
6711	1
6712	1
6713	1
6714	1
6715	1
6716	1
6717	1
6718	1
6719	1
6720	1
6721	1
6722	1
6723	1
6724	1
6725	1
6726	1
6727	1
6728	1
6729	1
6730	1
6731	1
6732	1
6733	1
6734	1
6735	1
6736	1
6737	1
6738	1
6739	1
6740	1
6741	1
6742	1
6743	1
6744	1
6745	1
6746	1
6747	1
6748	1
6749	1
6750	1
6751	1
6752	1
6753	1
6754	1
6755	1
6756	1
6757	1
6758	1
6759	1
6760	1
6761	1
6762	1
6763	1
6764	1
6765	1
6766	1
6767	1
6768	1
6769	1
6770	1
6771	1
6772	1
6773	1
6774	1
6775	1
6776	1
6777	1
6778	1
6779	1
6780	1
6781	1
6782	1
6783	1
6784	1
6785	1
6786	1
6787	1
6788	1
6789	1
6790	1
6791	1
6792	1
6793	1
6794	1
6795	1
6796	1
6797	1
6798	1
6799	1
6800	1
6801	1
6802	1
6803	1
6804	1
6805	1
6806	1
6807	1
6808	1
6809	1
6810	1
6811	1
6812	1
6813	1
6814	1
6815	1
6816	1
6817	1
6818	1
6819	1
6820	1
6821	1
6822	1
6823	1
6824	1
6825	1
6826	1
6827	1
6828	1
6829	1
6830	1
6831	1
6832	1
6833	1
6834	1
6835	1
6836	1
6837	1
6838	1
6839	1
6840	1
6841	1
6842	1
6843	1
6844	1
6845	1
6846	1
6847	1
6848	1
6849	1
6850	1
6851	1
6852	1
6853	1
6854	1
6855	1
6856	1
6857	1
6858	1
6859	1
6860	1
6861	1
6862	1
6863	1
6864	1
6865	1
6866	1
6867	1
6868	1
6869	1
6870	1
6871	1
6872	1
6873	1
6874	1
6875	1
6876	1
6877	1
6878	1
6879	1
6880	1
6881	1
6882	1
6883	1
6884	1
6885	1
6886	1
6887	1
6888	1
6889	1
6890	1
6891	1
6892	1
6893	1
6894	1
6895	1
6896	1
6897	1
6898	1
6899	1
6900	1
6901	1
6902	1
6903	1
6904	1
6905	1
6906	1
6907	1
6908	1
6909	1
6910	1
6911	1
6912	1
6913	1
6914	1
6915	1
6916	1
6917	1
6918	1
6919	1
6920	1
6921	1
6922	1
6923	1
6924	1
6925	1
6926	1
6927	1
6928	1
6929	1
6930	1
6931	1
6932	1
6933	1
6934	1
6935	1
6936	1
6937	1
6938	1
6939	1
6940	1
6941	1
6942	1
6943	1
6944	1
6945	1
6946	1
6947	1
6948	1
6949	1
6950	1
6951	1
6952	1
6953	1
6954	1
6955	1
6956	1
6957	1
6958	1
6959	1
6960	1
6961	1
6962	1
6963	1
6964	1
6965	1
6966	1
6967	1
6968	1
6969	1
6970	1
6971	1
6972	1
6973	1
6974	1
6975	1
6976	1
6977	1
6978	1
6979	1
6980	1
6981	1
6982	1
6983	1
6984	1
6985	1
6986	1
6987	1
6988	1
6989	1
6990	1
6991	1
6992	1
6993	1
6994	1
6995	1
6996	1
6997	1
6998	1
6999	1
7000	1
7001	1
7002	1
7003	1
7004	1
7005	1
7006	1
7007	1
7008	1
7009	1
7010	1
7011	1
7012	1
7013	1
7014	1
7015	1
7016	1
7017	1
7018	1
7019	1
7020	1
7021	1
7022	1
7023	1
7024	1
7025	1
7026	1
7027	1
7028	1
7029	1
7030	1
7031	1
7032	1
7033	1
7034	1
7035	1
7036	1
7037	1
7038	1
7039	1
7040	1
7041	1
7042	1
7043	1
7044	1
7045	1
7046	1
7047	1
7048	1
7049	1
7050	1
7051	1
7052	1
7053	1
7054	1
7055	1
7056	1
7057	1
7058	1
7059	1
7060	1
7061	1
7062	1
7063	1
7064	1
7065	1
7066	1
7067	1
7068	1
7069	1
7070	1
7071	1
7072	1
7073	1
7074	1
7075	1
7076	1
7077	1
7078	1
7079	1
7080	1
7081	1
7082	1
7083	1
7084	1
7085	1
7086	1
7087	1
7088	1
7089	1
7090	1
7091	1
7092	1
7093	1
7094	1
7095	1
7096	1
7097	1
7098	1
7099	1
7100	1
7101	1
7102	1
7103	1
7104	1
7105	1
7106	1
7107	1
7108	1
7109	1
7110	1
7111	1
7112	1
7113	1
7114	1
7115	1
7116	1
7117	1
7118	1
7119	1
7120	1
7121	1
7122	1
7123	1
7124	1
7125	1
7126	1
7127	1
7128	1
7129	1
7130	1
7131	1
7132	1
7133	1
7134	1
7135	1
7136	1
7137	1
7138	1
7139	1
7140	1
7141	1
7142	1
7143	1
7144	1
7145	1
7146	1
7147	1
7148	1
7149	1
7150	1
7151	1
7152	1
7153	1
7154	1
7155	1
7156	1
7157	1
7158	1
7159	1
7160	1
7161	1
7162	1
7163	1
7164	1
7165	1
7166	1
7167	1
7168	1
7169	1
7170	1
7171	1
7172	1
7173	1
7174	1
7175	1
7176	1
7177	1
7178	1
7179	1
7180	1
7181	1
7182	1
7183	1
7184	1
7185	1
7186	1
7187	1
7188	1
7189	1
7190	1
7191	1
7192	1
7193	1
7194	1
7195	1
7196	1
7197	1
7198	1
7199	1
7200	1
7201	1
7202	1
7203	1
7204	1
7205	1
7206	1
7207	1
7208	1
7209	1
7210	1
7211	1
7212	1
7213	1
7214	1
7215	1
7216	1
7217	1
7218	1
7219	1
7220	1
7221	1
7222	1
7223	1
7224	1
7225	1
7226	1
7227	1
7228	1
7229	1
7230	1
7231	1
7232	1
7233	1
7234	1
7235	1
7236	1
7237	1
7238	1
7239	1
7240	1
7241	1
7242	1
7243	1
7244	1
7245	1
7246	1
7247	1
7248	1
7249	1
7250	1
7251	1
7252	1
7253	1
7254	1
7255	1
7256	1
7257	1
7258	1
7259	1
7260	1
7261	1
7262	1
7263	1
7264	1
7265	1
7266	1
7267	1
7268	1
7269	1
7270	1
7271	1
7272	1
7273	1
7274	1
7275	1
7276	1
7277	1
7278	1
7279	1
7280	1
7281	1
7282	1
7283	1
7284	1
7285	1
7286	1
7287	1
7288	1
7289	1
7290	1
7291	1
7292	1
7293	1
7294	1
7295	1
7296	1
7297	1
7298	1
7299	1
7300	1
7301	1
7302	1
7303	1
7304	1
7305	1
7306	1
7307	1
7308	1
7309	1
7310	1
7311	1
7312	1
7313	1
7314	1
7315	1
7316	1
7317	1
7318	1
7319	1
7320	1
7321	1
7322	1
7323	1
7324	1
7325	1
7326	1
7327	1
7328	1
7329	1
7330	1
7331	1
7332	1
7333	1
7334	1
7335	1
7336	1
7337	1
7338	1
7339	1
7340	1
7341	1
7342	1
7343	1
7344	1
7345	1
7346	1
7347	1
7348	1
7349	1
7350	1
7351	1
7352	1
7353	1
7354	1
7355	1
7356	1
7357	1
7358	1
7359	1
7360	1
7361	1
7362	1
7363	1
7364	1
7365	1
7366	1
7367	1
7368	1
7369	1
7370	1
7371	1
7372	1
7373	1
7374	1
7375	1
7376	1
7377	1
7378	1
7379	1
7380	1
7381	1
7382	1
7383	1
7384	1
7385	1
7386	1
7387	1
7388	1
7389	1
7390	1
7391	1
7392	1
7393	1
7394	1
7395	1
7396	1
7397	1
7398	1
7399	1
7400	1
7401	1
7402	1
7403	1
7404	1
7405	1
7406	1
7407	1
7408	1
7409	1
7410	1
7411	1
7412	1
7413	1
7414	1
7415	1
7416	1
7417	1
7418	1
7419	1
7420	1
7421	1
7422	1
7423	1
7424	1
7425	1
7426	1
7427	1
7428	1
7429	1
7430	1
7431	1
7432	1
7433	1
7434	1
7435	1
7436	1
7437	1
7438	1
7439	1
7440	1
7441	1
7442	1
7443	1
7444	1
7445	1
7446	1
7447	1
7448	1
7449	1
7450	1
7451	1
7452	1
7453	1
7454	1
7455	1
7456	1
7457	1
7458	1
7459	1
7460	1
7461	1
7462	1
7463	1
7464	1
7465	1
7466	1
7467	1
7468	1
7469	1
7470	1
7471	1
7472	1
7473	1
7474	1
7475	1
7476	1
7477	1
7478	1
7479	1
7480	1
7481	1
7482	1
7483	1
7484	1
7485	1
7486	1
7487	1
7488	1
7489	1
7490	1
7491	1
7492	1
7493	1
7494	1
7495	1
7496	1
7497	1
7498	1
7499	1
7500	1
7501	1
7502	1
7503	1
7504	1
7505	1
7506	1
7507	1
7508	1
7509	1
7510	1
7511	1
7512	1
7513	1
7514	1
7515	1
7516	1
7517	1
7518	1
7519	1
7520	1
7521	1
7522	1
7523	1
7524	1
7525	1
7526	1
7527	1
7528	1
7529	1
7530	1
7531	1
7532	1
7533	1
7534	1
7535	1
7536	1
7537	1
7538	1
7539	1
7540	1
7541	1
7542	1
7543	1
7544	1
7545	1
7546	1
7547	1
7548	1
7549	1
7550	1
7551	1
7552	1
7553	1
7554	1
7555	1
7556	1
7557	1
7558	1
7559	1
7560	1
7561	1
7562	1
7563	1
7564	1
7565	1
7566	1
7567	1
7568	1
7569	1
7570	1
7571	1
7572	1
7573	1
7574	1
7575	1
7576	1
7577	1
7578	1
7579	1
7580	1
7581	1
7582	1
7583	1
7584	1
7585	1
7586	1
7587	1
7588	1
7589	1
7590	1
7591	1
7592	1
7593	1
7594	1
7595	1
7596	1
7597	1
7598	1
7599	1
7600	1
7601	1
7602	1
7603	1
7604	1
7605	1
7606	1
7607	1
7608	1
7609	1
7610	1
7611	1
7612	1
7613	1
7614	1
7615	1
7616	1
7617	1
7618	1
7619	1
7620	1
7621	1
7622	1
7623	1
7624	1
7625	1
7626	1
7627	1
7628	1
7629	1
7630	1
7631	1
7632	1
7633	1
7634	1
7635	1
7636	1
7637	1
7638	1
7639	1
7640	1
7641	1
7642	1
7643	1
7644	1
7645	1
7646	1
7647	1
7648	1
7649	1
7650	1
7651	1
7652	1
7653	1
7654	1
7655	1
7656	1
7657	1
7658	1
7659	1
7660	1
7661	1
7662	1
7663	1
7664	1
7665	1
7666	1
7667	1
7668	1
7669	1
7670	1
7671	1
7672	1
7673	1
7674	1
7675	1
7676	1
7677	1
7678	1
7679	1
7680	1
7681	1
7682	1
7683	1
7684	1
7685	1
7686	1
7687	1
7688	1
7689	1
7690	1
7691	1
7692	1
7693	1
7694	1
7695	1
7696	1
7697	1
7698	1
7699	1
7700	1
7701	1
7702	1
7703	1
7704	1
7705	1
7706	1
7707	1
7708	1
7709	1
7710	1
7711	1
7712	1
7713	1
7714	1
7715	1
7716	1
7717	1
7718	1
7719	1
7720	1
7721	1
7722	1
7723	1
7724	1
7725	1
7726	1
7727	1
7728	1
7729	1
7730	1
7731	1
7732	1
7733	1
7734	1
7735	1
7736	1
7737	1
7738	1
7739	1
7740	1
7741	1
7742	1
7743	1
7744	1
7745	1
7746	1
7747	1
7748	1
7749	1
7750	1
7751	1
7752	1
7753	1
7754	1
7755	1
7756	1
7757	1
7758	1
7759	1
7760	1
7761	1
7762	1
7763	1
7764	1
7765	1
7766	1
7767	1
7768	1
7769	1
7770	1
7771	1
7772	1
7773	1
7774	1
7775	1
7776	1
7777	1
7778	1
7779	1
7780	1
7781	1
7782	1
7783	1
7784	1
7785	1
7786	1
7787	1
7788	1
7789	1
7790	1
7791	1
7792	1
7793	1
7794	1
7795	1
7796	1
7797	1
7798	1
7799	1
7800	1
7801	1
7802	1
7803	1
7804	1
7805	1
7806	1
7807	1
7808	1
7809	1
7810	1
7811	1
7812	1
7813	1
7814	1
7815	1
7816	1
7817	1
7818	1
7819	1
7820	1
7821	1
7822	1
7823	1
7824	1
7825	1
7826	1
7827	1
7828	1
7829	1
7830	1
7831	1
7832	1
7833	1
7834	1
7835	1
7836	1
7837	1
7838	1
7839	1
7840	1
7841	1
7842	1
7843	1
7844	1
7845	1
7846	1
7847	1
7848	1
7849	1
7850	1
7851	1
7852	1
7853	1
7854	1
7855	1
7856	1
7857	1
7858	1
7859	1
7860	1
7861	1
7862	1
7863	1
7864	1
7865	1
7866	1
7867	1
7868	1
7869	1
7870	1
7871	1
7872	1
7873	1
7874	1
7875	1
7876	1
7877	1
7878	1
7879	1
7880	1
7881	1
7882	1
7883	1
7884	1
7885	1
7886	1
7887	1
7888	1
7889	1
7890	1
7891	1
7892	1
7893	1
7894	1
7895	1
7896	1
7897	1
7898	1
7899	1
7900	1
7901	1
7902	1
7903	1
7904	1
7905	1
7906	1
7907	1
7908	1
7909	1
7910	1
7911	1
7912	1
7913	1
7914	1
7915	1
7916	1
7917	1
7918	1
7919	1
7920	1
7921	1
7922	1
7923	1
7924	1
7925	1
7926	1
7927	1
7928	1
7929	1
7930	1
7931	1
7932	1
7933	1
7934	1
7935	1
7936	1
7937	1
7938	1
7939	1
7940	1
7941	1
7942	1
7943	1
7944	1
7945	1
7946	1
7947	1
7948	1
7949	1
7950	1
7951	1
7952	1
7953	1
7954	1
7955	1
7956	1
7957	1
7958	1
7959	1
7960	1
7961	1
7962	1
7963	1
7964	1
7965	1
7966	1
7967	1
7968	1
7969	1
7970	1
7971	1
7972	1
7973	1
7974	1
7975	1
7976	1
7977	1
7978	1
7979	1
7980	1
7981	1
7982	1
7983	1
7984	1
7985	1
7986	1
7987	1
7988	1
7989	1
7990	1
7991	1
7992	1
7993	1
7994	1
7995	1
7996	1
7997	1
7998	1
7999	1
8000	1
8001	1
8002	1
8003	1
8004	1
8005	1
8006	1
8007	1
8008	1
8009	1
8010	1
8011	1
8012	1
8013	1
8014	1
8015	1
8016	1
8017	1
8018	1
8019	1
8020	1
8021	1
8022	1
8023	1
8024	1
8025	1
8026	1
8027	1
8028	1
8029	1
8030	1
8031	1
8032	1
8033	1
8034	1
8035	1
8036	1
8037	1
8038	1
8039	1
8040	1
8041	1
8042	1
8043	1
8044	1
8045	1
8046	1
8047	1
8048	1
8049	1
8050	1
8051	1
8052	1
8053	1
8054	1
8055	1
8056	1
8057	1
8058	1
8059	1
8060	1
8061	1
8062	1
8063	1
8064	1
8065	1
8066	1
8067	1
8068	1
8069	1
8070	1
8071	1
8072	1
8073	1
8074	1
8075	1
8076	1
8077	1
8078	1
8079	1
8080	1
8081	1
8082	1
8083	1
8084	1
8085	1
8086	1
8087	1
8088	1
8089	1
8090	1
8091	1
8092	1
8093	1
8094	1
8095	1
8096	1
8097	1
8098	1
8099	1
8100	1
8101	1
8102	1
8103	1
8104	1
8105	1
8106	1
8107	1
8108	1
8109	1
8110	1
8111	1
8112	1
8113	1
8114	1
8115	1
8116	1
8117	1
8118	1
8119	1
8120	1
8121	1
8122	1
8123	1
8124	1
8125	1
8126	1
8127	1
8128	1
8129	1
8130	1
8131	1
8132	1
8133	1
8134	1
8135	1
8136	1
8137	1
8138	1
8139	1
8140	1
8141	1
8142	1
8143	1
8144	1
8145	1
8146	1
8147	1
8148	1
8149	1
8150	1
8151	1
8152	1
8153	1
8154	1
8155	1
8156	1
8157	1
8158	1
8159	1
8160	1
8161	1
8162	1
8163	1
8164	1
8165	1
8166	1
8167	1
8168	1
8169	1
8170	1
8171	1
8172	1
8173	1
8174	1
8175	1
8176	1
8177	1
8178	1
8179	1
8180	1
8181	1
8182	1
8183	1
8184	1
8185	1
8186	1
8187	1
8188	1
8189	1
8190	1
8191	1
8192	1
8193	1
8194	1
8195	1
8196	1
8197	1
8198	1
8199	1
8200	1
8201	1
8202	1
8203	1
8204	1
8205	1
8206	1
8207	1
8208	1
8209	1
8210	1
8211	1
8212	1
8213	1
8214	1
8215	1
8216	1
8217	1
8218	1
8219	1
8220	1
8221	1
8222	1
8223	1
8224	1
8225	1
8226	1
8227	1
8228	1
8229	1
8230	1
8231	1
8232	1
8233	1
8234	1
8235	1
8236	1
8237	1
8238	1
8239	1
8240	1
8241	1
8242	1
8243	1
8244	1
8245	1
8246	1
8247	1
8248	1
8249	1
8250	1
8251	1
8252	1
8253	1
8254	1
8255	1
8256	1
8257	1
8258	1
8259	1
8260	1
8261	1
8262	1
8263	1
8264	1
8265	1
8266	1
8267	1
8268	1
8269	1
8270	1
8271	1
8272	1
8273	1
8274	1
8275	1
8276	1
8277	1
8278	1
8279	1
8280	1
8281	1
8282	1
8283	1
8284	1
8285	1
8286	1
8287	1
8288	1
8289	1
8290	1
8291	1
8292	1
8293	1
8294	1
8295	1
8296	1
8297	1
8298	1
8299	1
8300	1
8301	1
8302	1
8303	1
8304	1
8305	1
8306	1
8307	1
8308	1
8309	1
8310	1
8311	1
8312	1
8313	1
8314	1
8315	1
8316	1
8317	1
8318	1
8319	1
8320	1
8321	1
8322	1
8323	1
8324	1
8325	1
8326	1
8327	1
8328	1
8329	1
8330	1
8331	1
8332	1
8333	1
8334	1
8335	1
8336	1
8337	1
8338	1
8339	1
8340	1
8341	1
8342	1
8343	1
8344	1
8345	1
8346	1
8347	1
8348	1
8349	1
8350	1
8351	1
8352	1
8353	1
8354	1
8355	1
8356	1
8357	1
8358	1
8359	1
8360	1
8361	1
8362	1
8363	1
8364	1
8365	1
8366	1
8367	1
8368	1
8369	1
8370	1
8371	1
8372	1
8373	1
8374	1
8375	1
8376	1
8377	1
8378	1
8379	1
8380	1
8381	1
8382	1
8383	1
8384	1
8385	1
8386	1
8387	1
8388	1
8389	1
8390	1
8391	1
8392	1
8393	1
8394	1
8395	1
8396	1
8397	1
8398	1
8399	1
8400	1
8401	1
8402	1
8403	1
8404	1
8405	1
8406	1
8407	1
8408	1
8409	1
8410	1
8411	1
8412	1
8413	1
8414	1
8415	1
8416	1
8417	1
8418	1
8419	1
8420	1
8421	1
8422	1
8423	1
8424	1
8425	1
8426	1
8427	1
8428	1
8429	1
8430	1
8431	1
8432	1
8433	1
8434	1
8435	1
8436	1
8437	1
8438	1
8439	1
8440	1
8441	1
8442	1
8443	1
8444	1
8445	1
8446	1
8447	1
8448	1
8449	1
8450	1
8451	1
8452	1
8453	1
8454	1
8455	1
8456	1
8457	1
8458	1
8459	1
8460	1
8461	1
8462	1
8463	1
8464	1
8465	1
8466	1
8467	1
8468	1
8469	1
8470	1
8471	1
8472	1
8473	1
8474	1
8475	1
8476	1
8477	1
8478	1
8479	1
8480	1
8481	1
8482	1
8483	1
8484	1
8485	1
8486	1
8487	1
8488	1
8489	1
8490	1
8491	1
8492	1
8493	1
8494	1
8495	1
8496	1
8497	1
8498	1
8499	1
8500	1
8501	1
8502	1
8503	1
8504	1
8505	1
8506	1
8507	1
8508	1
8509	1
8510	1
8511	1
8512	1
8513	1
8514	1
8515	1
8516	1
8517	1
8518	1
8519	1
8520	1
8521	1
8522	1
8523	1
8524	1
8525	1
8526	1
8527	1
8528	1
8529	1
8530	1
8531	1
8532	1
8533	1
8534	1
8535	1
8536	1
8537	1
8538	1
8539	1
8540	1
8541	1
8542	1
8543	1
8544	1
8545	1
8546	1
8547	1
8548	1
8549	1
8550	1
8551	1
8552	1
8553	1
8554	1
8555	1
8556	1
8557	1
8558	1
8559	1
8560	1
8561	1
8562	1
8563	1
8564	1
8565	1
8566	1
8567	1
8568	1
8569	1
8570	1
8571	1
8572	1
8573	1
8574	1
8575	1
8576	1
8577	1
8578	1
8579	1
8580	1
8581	1
8582	1
8583	1
8584	1
8585	1
8586	1
8587	1
8588	1
8589	1
8590	1
8591	1
8592	1
8593	1
8594	1
8595	1
8596	1
8597	1
8598	1
8599	1
8600	1
8601	1
8602	1
8603	1
8604	1
8605	1
8606	1
8607	1
8608	1
8609	1
8610	1
8611	1
8612	1
8613	1
8614	1
8615	1
8616	1
8617	1
8618	1
8619	1
8620	1
8621	1
8622	1
8623	1
8624	1
8625	1
8626	1
8627	1
8628	1
8629	1
8630	1
8631	1
8632	1
8633	1
8634	1
8635	1
8636	1
8637	1
8638	1
8639	1
8640	1
8641	1
8642	1
8643	1
8644	1
8645	1
8646	1
8647	1
8648	1
8649	1
8650	1
8651	1
8652	1
8653	1
8654	1
8655	1
8656	1
8657	1
8658	1
8659	1
8660	1
8661	1
8662	1
8663	1
8664	1
8665	1
8666	1
8667	1
8668	1
8669	1
8670	1
8671	1
8672	1
8673	1
8674	1
8675	1
8676	1
8677	1
8678	1
8679	1
8680	1
8681	1
8682	1
8683	1
8684	1
8685	1
8686	1
8687	1
8688	1
8689	1
8690	1
8691	1
8692	1
8693	1
8694	1
8695	1
8696	1
8697	1
8698	1
8699	1
8700	1
8701	1
8702	1
8703	1
8704	1
8705	1
8706	1
8707	1
8708	1
8709	1
8710	1
8711	1
8712	1
8713	1
8714	1
8715	1
8716	1
8717	1
8718	1
8719	1
8720	1
8721	1
8722	1
8723	1
8724	1
8725	1
8726	1
8727	1
8728	1
8729	1
8730	1
8731	1
8732	1
8733	1
8734	1
8735	1
8736	1
8737	1
8738	1
8739	1
8740	1
8741	1
8742	1
8743	1
8744	1
8745	1
8746	1
8747	1
8748	1
8749	1
8750	1
8751	1
8752	1
8753	1
8754	1
8755	1
8756	1
8757	1
8758	1
8759	1
8760	1
8761	1
8762	1
8763	1
8764	1
8765	1
8766	1
8767	1
8768	1
8769	1
8770	1
8771	1
8772	1
8773	1
8774	1
8775	1
8776	1
8777	1
8778	1
8779	1
8780	1
8781	1
8782	1
8783	1
8784	1
8785	1
8786	1
8787	1
8788	1
8789	1
8790	1
8791	1
8792	1
8793	1
8794	1
8795	1
8796	1
8797	1
8798	1
8799	1
8800	1
8801	1
8802	1
8803	1
8804	1
8805	1
8806	1
8807	1
8808	1
8809	1
8810	1
8811	1
8812	1
8813	1
8814	1
8815	1
8816	1
8817	1
8818	1
8819	1
8820	1
8821	1
8822	1
8823	1
8824	1
8825	1
8826	1
8827	1
8828	1
8829	1
8830	1
8831	1
8832	1
8833	1
8834	1
8835	1
8836	1
8837	1
8838	1
8839	1
8840	1
8841	1
8842	1
8843	1
8844	1
8845	1
8846	1
8847	1
8848	1
8849	1
8850	1
8851	1
8852	1
8853	1
8854	1
8855	1
8856	1
8857	1
8858	1
8859	1
8860	1
8861	1
8862	1
8863	1
8864	1
8865	1
8866	1
8867	1
8868	1
8869	1
8870	1
8871	1
8872	1
8873	1
8874	1
8875	1
8876	1
8877	1
8878	1
8879	1
8880	1
8881	1
8882	1
8883	1
8884	1
8885	1
8886	1
8887	1
8888	1
8889	1
8890	1
8891	1
8892	1
8893	1
8894	1
8895	1
8896	1
8897	1
8898	1
8899	1
8900	1
8901	1
8902	1
8903	1
8904	1
8905	1
8906	1
8907	1
8908	1
8909	1
8910	1
8911	1
8912	1
8913	1
8914	1
8915	1
8916	1
8917	1
8918	1
8919	1
8920	1
8921	1
8922	1
8923	1
8924	1
8925	1
8926	1
8927	1
8928	1
8929	1
8930	1
8931	1
8932	1
8933	1
8934	1
8935	1
8936	1
8937	1
8938	1
8939	1
8940	1
8941	1
8942	1
8943	1
8944	1
8945	1
8946	1
8947	1
8948	1
8949	1
8950	1
8951	1
8952	1
8953	1
8954	1
8955	1
8956	1
8957	1
8958	1
8959	1
8960	1
8961	1
8962	1
8963	1
8964	1
8965	1
8966	1
8967	1
8968	1
8969	1
8970	1
8971	1
8972	1
8973	1
8974	1
8975	1
8976	1
8977	1
8978	1
8979	1
8980	1
8981	1
8982	1
8983	1
8984	1
8985	1
8986	1
8987	1
8988	1
8989	1
8990	1
8991	1
8992	1
8993	1
8994	1
8995	1
8996	1
8997	1
8998	1
8999	1
9000	1
9001	1
9002	1
9003	1
9004	1
9005	1
9006	1
9007	1
9008	1
9009	1
9010	1
9011	1
9012	1
9013	1
9014	1
9015	1
9016	1
9017	1
9018	1
9019	1
9020	1
9021	1
9022	1
9023	1
9024	1
9025	1
9026	1
9027	1
9028	1
9029	1
9030	1
9031	1
9032	1
9033	1
9034	1
9035	1
9036	1
9037	1
9038	1
9039	1
9040	1
9041	1
9042	1
9043	1
9044	1
9045	1
9046	1
9047	1
9048	1
9049	1
9050	1
9051	1
9052	1
9053	1
9054	1
9055	1
9056	1
9057	1
9058	1
9059	1
9060	1
9061	1
9062	1
9063	1
9064	1
9065	1
9066	1
9067	1
9068	1
9069	1
9070	1
9071	1
9072	1
9073	1
9074	1
9075	1
9076	1
9077	1
9078	1
9079	1
9080	1
9081	1
9082	1
9083	1
9084	1
9085	1
9086	1
9087	1
9088	1
9089	1
9090	1
9091	1
9092	1
9093	1
9094	1
9095	1
9096	1
9097	1
9098	1
9099	1
9100	1
9101	1
9102	1
9103	1
9104	1
9105	1
9106	1
9107	1
9108	1
9109	1
9110	1
9111	1
9112	1
9113	1
9114	1
9115	1
9116	1
9117	1
9118	1
9119	1
9120	1
9121	1
9122	1
9123	1
9124	1
9125	1
9126	1
9127	1
9128	1
9129	1
9130	1
9131	1
9132	1
9133	1
9134	1
9135	1
9136	1
9137	1
9138	1
9139	1
9140	1
9141	1
9142	1
9143	1
9144	1
9145	1
9146	1
9147	1
9148	1
9149	1
9150	1
9151	1
9152	1
9153	1
9154	1
9155	1
9156	1
9157	1
9158	1
9159	1
9160	1
9161	1
9162	1
9163	1
9164	1
9165	1
9166	1
9167	1
9168	1
9169	1
9170	1
9171	1
9172	1
9173	1
9174	1
9175	1
9176	1
9177	1
9178	1
9179	1
9180	1
9181	1
9182	1
9183	1
9184	1
9185	1
9186	1
9187	1
9188	1
9189	1
9190	1
9191	1
9192	1
9193	1
9194	1
9195	1
9196	1
9197	1
9198	1
9199	1
9200	1
9201	1
9202	1
9203	1
9204	1
9205	1
9206	1
9207	1
9208	1
9209	1
9210	1
9211	1
9212	1
9213	1
9214	1
9215	1
9216	1
9217	1
9218	1
9219	1
9220	1
9221	1
9222	1
9223	1
9224	1
9225	1
9226	1
9227	1
9228	1
9229	1
9230	1
9231	1
9232	1
9233	1
9234	1
9235	1
9236	1
9237	1
9238	1
9239	1
9240	1
9241	1
9242	1
9243	1
9244	1
9245	1
9246	1
9247	1
9248	1
9249	1
9250	1
9251	1
9252	1
9253	1
9254	1
9255	1
9256	1
9257	1
9258	1
9259	1
9260	1
9261	1
9262	1
9263	1
9264	1
9265	1
9266	1
9267	1
9268	1
9269	1
9270	1
9271	1
9272	1
9273	1
9274	1
9275	1
9276	1
9277	1
9278	1
9279	1
9280	1
9281	1
9282	1
9283	1
9284	1
9285	1
9286	1
9287	1
9288	1
9289	1
9290	1
9291	1
9292	1
9293	1
9294	1
9295	1
9296	1
9297	1
9298	1
9299	1
9300	1
9301	1
9302	1
9303	1
9304	1
9305	1
9306	1
9307	1
9308	1
9309	1
9310	1
9311	1
9312	1
9313	1
9314	1
9315	1
9316	1
9317	1
9318	1
9319	1
9320	1
9321	1
9322	1
9323	1
9324	1
9325	1
9326	1
9327	1
9328	1
9329	1
9330	1
9331	1
9332	1
9333	1
9334	1
9335	1
9336	1
9337	1
9338	1
9339	1
9340	1
9341	1
9342	1
9343	1
9344	1
9345	1
9346	1
9347	1
9348	1
9349	1
9350	1
9351	1
9352	1
9353	1
9354	1
9355	1
9356	1
9357	1
9358	1
9359	1
9360	1
9361	1
9362	1
9363	1
9364	1
9365	1
9366	1
9367	1
9368	1
9369	1
9370	1
9371	1
9372	1
9373	1
9374	1
9375	1
9376	1
9377	1
9378	1
9379	1
9380	1
9381	1
9382	1
9383	1
9384	1
9385	1
9386	1
9387	1
9388	1
9389	1
9390	1
9391	1
9392	1
9393	1
9394	1
9395	1
9396	1
9397	1
9398	1
9399	1
9400	1
9401	1
9402	1
9403	1
9404	1
9405	1
9406	1
9407	1
9408	1
9409	1
9410	1
9411	1
9412	1
9413	1
9414	1
9415	1
9416	1
9417	1
9418	1
9419	1
9420	1
9421	1
9422	1
9423	1
9424	1
9425	1
9426	1
9427	1
9428	1
9429	1
9430	1
9431	1
9432	1
9433	1
9434	1
9435	1
9436	1
9437	1
9438	1
9439	1
9440	1
9441	1
9442	1
9443	1
9444	1
9445	1
9446	1
9447	1
9448	1
9449	1
9450	1
9451	1
9452	1
9453	1
9454	1
9455	1
9456	1
9457	1
9458	1
9459	1
9460	1
9461	1
9462	1
9463	1
9464	1
9465	1
9466	1
9467	1
9468	1
9469	1
9470	1
9471	1
9472	1
9473	1
9474	1
9475	1
9476	1
9477	1
9478	1
9479	1
9480	1
9481	1
9482	1
9483	1
9484	1
9485	1
9486	1
9487	1
9488	1
9489	1
9490	1
9491	1
9492	1
9493	1
9494	1
9495	1
9496	1
9497	1
9498	1
9499	1
9500	1
9501	1
9502	1
9503	1
9504	1
9505	1
9506	1
9507	1
9508	1
9509	1
9510	1
9511	1
9512	1
9513	1
9514	1
9515	1
9516	1
9517	1
9518	1
9519	1
9520	1
9521	1
9522	1
9523	1
9524	1
9525	1
9526	1
9527	1
9528	1
9529	1
9530	1
9531	1
9532	1
9533	1
9534	1
9535	1
9536	1
9537	1
9538	1
9539	1
9540	1
9541	1
9542	1
9543	1
